      2.1500000     -1.6096211      1.1398779     0.83564523      1.7838490     0.83564523
      2.1600000     -1.5977530      1.2052693     0.82667759      2.3358585     0.82667759
      2.1700000     -1.5860889      1.2326508     0.81875728      2.3889321     0.81875728
      2.1800000     -1.5733393      1.3033243     0.67658110      3.5396916     0.80791204
      2.1900000     -1.5603415      1.3374579     0.79726123      3.6790976     0.79726123
      2.2000000     -1.5466498      1.4057923     0.78553386      4.4729608     0.78553386
      2.2100000     -1.5314840      1.5014654     0.76946699      6.5375564     0.76963101
      2.2200000     -1.5167324      1.5647941     0.75433750      7.6061939     0.75433750
      2.2300000     -1.5000628      1.6723539     0.68910990      11.526805     0.73364532
      2.2400000     -1.4822702      1.8208554     0.36004429      18.256727     0.70665341
      2.2500000     -1.4650953      1.9188549     0.43750385      23.401093     0.68310158
      2.2600000     -1.4456900      2.0022348    0.023758199      28.424439     0.65118372
      2.2700000     -1.4256694      2.1323694     0.11778559      38.666712     0.61267425
      2.2800000     -1.4012226      2.2187972     0.13898204      51.781116     0.55526027
      2.2900000     -1.3788327      2.2058810    0.080459584      59.768860     0.50108624
      2.3000000     -1.3599573      2.0947652   -0.037007619      59.137367     0.46267385
      2.3100000     -1.3350088      1.9905329   -0.011025378      61.792429     0.39192386
      2.3200000     -1.3167658      1.8444860    0.043683758      58.544035     0.35098091
      2.3300000     -1.3011061      1.7242448   -0.018694416      53.125130     0.32613641
      2.3400000     -1.2835303      1.5891619   0.0078603878      47.528317     0.28058045
      2.3500000     -1.2686256      1.4795917    0.020052229      42.599829     0.25411109
