      2.1500000     -1.6096936      1.1562959     0.83550710      1.8959129     0.83550710
      2.1600000     -1.5981137      1.1912556     0.82742168      2.1351128     0.82742168
      2.1700000     -1.5860290      1.2451452     0.81832072      2.7321086     0.81832072
      2.1800000     -1.5735248      1.3026477     0.80886200      2.9998026     0.80886200
      2.1900000     -1.5606489      1.3563636     0.79786314      3.8060522     0.79786314
      2.2000000     -1.5463062      1.4277883     0.78402328      5.2375554     0.78402328
      2.2100000     -1.5316312      1.5243978     0.76916568      7.2841376     0.76916568
      2.2200000     -1.5168060      1.5829008     0.75415200      8.3176945     0.75415200
      2.2300000     -1.4999322      1.7355661     0.73174689      16.827226     0.73174689
      2.2400000     -1.4839100      1.8082512     0.71313866      16.376949     0.71313866
      2.2500000     -1.4634932      2.0427270     0.67413157      37.891367     0.67413157
      2.2550000     -1.4521619      2.2024826     0.64814742      53.779959     0.64814742
      2.2600000     -1.4401695      2.4604186     0.60563307      135.98647     0.60697794
      2.2650000     -1.4291070      2.6254851     0.31614428      176.53108     0.57462318
      2.2700000     -1.4161890      2.6956920     0.38511110      220.66675     0.52923874
      2.2750000     -1.4023713      2.6531785     0.14964132      272.72464     0.47058595
      2.2800000     -1.3883162      2.6925590     0.14292254      316.16680     0.39770804
      2.2850000     -1.3800248      2.4857884     0.12631135      253.79859     0.40018700
      2.2900000     -1.3656443      2.3397177     0.10052667      279.36420     0.31531355
      2.2950000     -1.3578544      2.3337614   -0.012665243      254.35769     0.32211450
      2.3050000     -1.3353044      1.9072146    0.027396123      176.91295     0.22156917
      2.3150000     -1.3174097      1.7404338    0.013207028      134.46577     0.17002201
      2.3250000     -1.3014938      1.6329062   0.0086668467      105.89767     0.15170498
      2.3350000     -1.2870093      1.5479930  -0.0089048965      83.522211     0.13596165
      2.3450000     -1.2728868      1.4721290  -0.0074052792      68.845623     0.12184550
