      2.1500000     -1.6101349      1.1425024     0.83603464      1.8427690     0.83603464
      2.1600000     -1.5981966      1.1870966     0.82755134      2.1875515     0.82755134
      2.1700000     -1.5858095      1.2438290     0.81775798      2.7272229     0.81775798
      2.1800000     -1.5733037      1.2985271     0.80808144      3.0992975     0.80808144
      2.1900000     -1.5600811      1.3505583     0.79678137      3.8794427     0.79678137
      2.2000000     -1.5458708      1.4476016     0.78275920      5.7958644     0.78275920
      2.2100000     -1.5316900      1.5036089     0.76974349      6.5222766     0.76974349
      2.2200000     -1.5171366      1.5822218     0.75512410      8.5578774     0.75512410
      2.2300000     -1.4991895      1.7514572     0.67073469      15.524419     0.72953203
      2.2400000     -1.4816741      1.9368116     0.69990713      31.803881     0.70050519
      2.2500000     -1.4631301      2.0142267     0.37064183      31.296946     0.67472188
      2.2600000     -1.4421724      2.2355758     0.40482446      50.595855     0.63072862
      2.2700000     -1.4214472      2.2412177     0.12095878      60.489670     0.58777580
      2.2800000     -1.3965031      2.3725495     0.24894071      91.822181     0.51410838
      2.2900000     -1.3719217      2.2835257    0.094220798      105.30615     0.43766406
      2.3000000     -1.3522622      2.1545072    0.034408204      100.35359     0.39246165
      2.3100000     -1.3317224      2.0079222   0.0073950550      96.400783     0.32785920
      2.3200000     -1.3126167      1.7799076  -0.0018397694      83.626947     0.27624370
      2.3300000     -1.2953156      1.6147357    0.025463270      66.955208     0.24206315
      2.3400000     -1.2814750      1.5189852   0.0051614456      58.872817     0.21959695
      2.3500000     -1.2665301      1.3959756  -0.0075378275      47.269473     0.19141548
