      2.1500000     -1.6103655      1.1359125     0.83644875      1.7440902     0.83644875
      2.1600000     -1.5983699      1.1780007     0.82785245      2.0611896     0.82785245
      2.1700000     -1.5872970      1.2179321     0.78982641      2.4127263     0.82006206
      2.1800000     -1.5738931      1.2876152     0.76349638      3.0493219     0.80892160
      2.1900000     -1.5594960      1.3689222     0.66971193      4.5028655     0.79512921
      2.2000000     -1.5471562      1.3963796     0.78596913      4.2000796     0.78596914
      2.2100000     -1.5328563      1.4667079     0.48302326      5.4997545     0.77266407
      2.2200000     -1.5162277      1.5710956     0.45161540      7.7163654     0.75319968
      2.2300000     -1.5010149      1.6711928     0.19536885      10.145000     0.73535028
      2.2400000     -1.4842282      1.7087096    0.082716832      11.660977     0.71560857
      2.2500000     -1.4675512      1.7890392     0.21554364      13.319216     0.69574305
      2.2600000     -1.4494181      1.8617109     0.28624704      15.815727     0.67045931
      2.2700000     -1.4284323      1.9692916    0.056158067      21.012477     0.63386666
      2.2800000     -1.4085042      1.9730583    -0.10976032      22.839751     0.60281374
      2.2900000     -1.3882149      2.0391970    -0.11594513      27.388280     0.56420492
      2.3000000     -1.3681076      2.0080708    0.053263645      28.581579     0.53072802
      2.3100000     -1.3484246      1.9560819   -0.035606353      30.014051     0.49565531
      2.3200000     -1.3293913      1.8799730   -0.027854627      30.634282     0.45834182
      2.3300000     -1.3104029      1.7845931    0.029352945      30.053565     0.42396085
      2.3400000     -1.2927167      1.6830887    0.017093481      29.340564     0.38919173
      2.3500000     -1.2774954      1.6009629  -0.0010363000      28.513039     0.36157323
