      2.1500000     -1.6097471      1.1480736     0.83562796      1.8589994     0.83562796
      2.1600000     -1.5981210      1.1904598     0.82759184      2.1021522     0.82759184
      2.1700000     -1.5861306      1.2409339     0.81842597      2.6363175     0.81842597
      2.1800000     -1.5734615      1.2872649     0.80839044      3.1188382     0.80839044
      2.1900000     -1.5602580      1.3492755     0.79712899      3.8958477     0.79712899
      2.2000000     -1.5464154      1.4145041     0.78463139      4.8989853     0.78463139
      2.2100000     -1.5317620      1.5071454     0.76973842      6.9268715     0.76973842
      2.2200000     -1.5166457      1.5778880     0.75354701      8.9682846     0.75354701
      2.2300000     -1.4998497      1.7239554     0.73190948      14.495947     0.73190948
      2.2400000     -1.4822092      1.8703093     0.70580470      24.616674     0.70580470
      2.2500000     -1.4627273      2.0429103     0.67046622      45.535005     0.67046935
      2.2600000     -1.4413498      2.3434240     0.52925852      92.413269     0.61911864
      2.2700000     -1.4165055      2.5820778    0.088162600      195.43439     0.53589783
      2.2800000     -1.3891867      2.5682442     0.17442623      275.61966     0.41648780
      2.2900000     -1.3659250      2.3454190    0.051165808      257.77119     0.33034524
      2.3000000     -1.3452985      2.0185618    0.042758402      206.18368     0.25993295
      2.3100000     -1.3260314      1.7861742    0.030357288      153.31414     0.19413452
      2.3200000     -1.3093923      1.6374258   -0.019859408      114.24745     0.16295380
      2.3300000     -1.2939757      1.5535235  -0.0052307905      90.169883     0.14138078
      2.3400000     -1.2794876      1.4679857   0.0016126105      71.783185     0.12468777
      2.3500000     -1.2656224      1.4052912   0.0043563057      57.511993     0.11174113
