      2.1500000     -1.6100124      1.1393492     0.83601793      1.7993516     0.83601793
      2.1600000     -1.5981786      1.1819540     0.82745913      2.1235692     0.82745913
      2.1700000     -1.5860840      1.2434799     0.81860412      2.4967418     0.81860412
      2.1800000     -1.5733785      1.3096121     0.80783095      3.7532346     0.80783095
      2.1900000     -1.5604936      1.3459974     0.79791205      3.6066013     0.79791205
      2.2000000     -1.5464684      1.4232342     0.78467343      4.7447047     0.78467343
      2.2100000     -1.5318305      1.4962872     0.77023403      6.3010974     0.77023403
      2.2200000     -1.5166158      1.5795976     0.75398769      8.1393531     0.75398769
      2.2300000     -1.4990691      1.7810203     0.72558213      25.067050     0.72647847
      2.2400000     -1.4823182      1.8448728     0.70614840      21.278075     0.70615499
      2.2500000     -1.4635132      2.0128628     0.60171577      37.194322     0.67513220
      2.2600000     -1.4435325      2.2226819     0.58539403      60.155229     0.63445733
      2.2700000     -1.4167714      2.4896518     0.12858826      109.52103     0.55428831
      2.2800000     -1.3935306      2.5444750     0.16599693      143.21571     0.48128621
      2.2900000     -1.3684620      2.2995545     0.12055203      150.71476     0.39233362
      2.3000000     -1.3482567      2.1426432    0.040682947      143.01376     0.33543750
      2.3100000     -1.3276184      1.8608105    0.032916471      117.84558     0.26172525
      2.3200000     -1.3108333      1.7246004   0.0061196072      99.863221     0.22640373
      2.3300000     -1.2951010      1.6030719    0.030064778      81.889278     0.20446876
      2.3400000     -1.2805601      1.4854193  -0.0069699056      65.612908     0.17853949
      2.3500000     -1.2658081      1.3988703   0.0048375468      51.818955     0.15379637
