      2.0000000     0.50000000      0.0000000     0.50000000      0.0000000     0.50000000
      2.0000000     0.50000000      0.0000000     0.50000000      0.0000000     0.50000000
      2.0000000     0.50000000      0.0000000     0.50000000      0.0000000     0.50000000
      2.0000000     0.50000000      0.0000000     0.50000000      0.0000000     0.50000000
      2.0000000     0.50000000      0.0000000     0.50000000      0.0000000     0.50000000
      2.0000000     0.50000000      0.0000000     0.50000000      0.0000000     0.50000000
      2.0000000     0.50000000      0.0000000     0.50000000      0.0000000     0.50000000
      2.0000000     0.50000000      0.0000000     0.50000000      0.0000000     0.50000000
      2.0000000     0.50000000      0.0000000     0.50000000      0.0000000     0.50000000
      2.1000000     0.50000000      0.0000000    -0.50000000     -47.142857      5.0000000
      2.1000000     0.50000000      0.0000000    -0.50000000     -13.928571      2.7500000
      2.1000000     0.50000000      0.0000000    -0.50000000     -7.1428571      2.0000000
      2.1000000     0.50000000      0.0000000    -0.50000000     -4.5535714      1.6250000
      2.1000000     0.50000000      0.0000000    -0.50000000     -3.2571429      1.4000000
      2.1000000     0.50000000      0.0000000    -0.50000000     -2.5000000      1.2500000
      2.1000000     0.50000000      0.0000000    -0.50000000     -2.0116618      1.1428571
      2.1000000     0.50000000      0.0000000    -0.50000000     -1.6741071      1.0625000
      2.1000000     0.50000000      0.0000000    -0.50000000     -1.4285714      1.0000000
