      2.4000000     -1.2513200      1.4358512     0.43269500      8.3121273     0.48114500
      2.4000000     -1.2537200      1.2803654     0.18034000      6.9380213     0.49418000
      2.4000000     -1.2646300      1.3802451     0.30656833      7.1482680     0.51840833
      2.4000000     -1.2623275      1.4855318     0.25702625      7.7575143     0.50954375
      2.4000000     -1.2553900      1.4776117     0.16209300      8.4261561     0.48738500
      2.4000000     -1.2395217      1.4811820     0.12517750      9.0106412     0.45298583
      2.4000000     -1.2408771      1.4689188    0.043070000      9.0777687     0.45271143
      2.4000000     -1.2333300      1.4563202   0.0093612500      9.0246688     0.44103375
      2.4000000     -1.2375078      1.4324660   -0.046873889      8.9555055     0.45015944
      2.4000000     -1.2358780      1.4121520   -0.049603500      8.9719738     0.44736850
      2.4000000     -1.2351964      1.4149897   -0.029068636      8.9850045     0.44600136
      2.4000000     -1.2342108      1.3912230  -0.0069808333      8.7048236     0.44796583
      2.4000000     -1.2310508      1.3643272   -0.010274615      8.6203932     0.44319231
      2.4000000     -1.2315664      1.3665176   -0.043556786      8.5427041     0.44571607
      2.4000000     -1.2281647      1.3659851   -0.029249000      8.6867045     0.43772300
      2.4000000     -1.2302900      1.3689230   -0.055802500      8.6186429     0.44346438
      2.4000000     -1.2297347      1.3769588   -0.060789706      8.6293974     0.44286088
      2.4000000     -1.2306044      1.3681228   -0.062941667      8.5567893     0.44449167
      2.4000000     -1.2317789      1.3649125   -0.054314211      8.4548835     0.44844526
      2.4000000     -1.2330950      1.3648584   -0.071083000      8.3943454     0.45248350
      2.4000000     -1.2326062      1.3615406   -0.075779762      8.2787838     0.45258167
      2.4000000     -1.2328945      1.3530552   -0.067521136      8.1681371     0.45434023
      2.4000000     -1.2314413      1.3583120   -0.076159565      8.3097850     0.44959217
      2.4000000     -1.2322517      1.3553105   -0.089366458      8.2972838     0.45083187
      2.4000000     -1.2321336      1.3526722   -0.092894000      8.3115761     0.45015920
      2.4000000     -1.2344027      1.3622877   -0.084646923      8.2908676     0.45504269
      2.4000000     -1.2341670      1.3677008   -0.068232222      8.4155238     0.45300704
      2.4000000     -1.2335525      1.3585688   -0.073083750      8.3587859     0.45177875
      2.4000000     -1.2364162      1.3682309   -0.092079483      8.3412934     0.45771603
      2.4000000     -1.2360843      1.3614545   -0.092737333      8.2999099     0.45756233
      2.4000000     -1.2345668      1.3561890   -0.086124516      8.3698116     0.45418097
      2.4000000     -1.2351459      1.3695037   -0.068972656      8.4164364     0.45514641
      2.4000000     -1.2352342      1.3646494   -0.062895909      8.4353691     0.45533409
      2.4000000     -1.2360497      1.3650869   -0.076497941      8.3847369     0.45739412
      2.4000000     -1.2353866      1.3684694   -0.069667286      8.4530862     0.45507214
      2.4000000     -1.2354503      1.3696445   -0.079978750      8.4388823     0.45566875
      2.4000000     -1.2374468      1.3782648   -0.094618919      8.4304034     0.46015514
      2.4000000     -1.2374847      1.3823637   -0.097156316      8.4352815     0.46048158
      2.4000000     -1.2376267      1.3824646   -0.085774487      8.4496651     0.46060936
      2.4000000     -1.2384118      1.3796247   -0.084002875      8.4039027     0.46212913
      2.4000000     -1.2384439      1.3801255   -0.090846341      8.4334408     0.46165439
      2.4000000     -1.2379764      1.3743200   -0.081277857      8.4481374     0.45989952
      2.4000000     -1.2385267      1.3713271   -0.091505581      8.3969731     0.46133023
      2.4000000     -1.2382727      1.3767272   -0.099029886      8.4227917     0.46079443
      2.4000000     -1.2383833      1.3697279    -0.10805400      8.3551561     0.46179378
      2.4000000     -1.2383935      1.3747157    -0.10022000      8.4165032     0.46092804
      2.4000000     -1.2397247      1.3762858   -0.085348298      8.3743809     0.46386043
      2.4000000     -1.2409052      1.3784574   -0.076778333      8.3684942     0.46558021
      2.4000000     -1.2397843      1.3721160   -0.073247041      8.3839010     0.46314439
      2.4000000     -1.2402874      1.3717155   -0.060882100      8.3384010     0.46478150
      2.4000000     -1.2400318      1.3712690   -0.054913725      8.3344734     0.46476216
      2.4000000     -1.2389871      1.3737184   -0.055654615      8.4150675     0.46187404
      2.4000000     -1.2394615      1.3783842   -0.051474245      8.4038835     0.46312047
      2.4000000     -1.2386615      1.3758884   -0.052041204      8.4607738     0.46073046
      2.4000000     -1.2391625      1.3769995   -0.060995818      8.4369826     0.46228545
      2.4000000     -1.2385039      1.3741097   -0.054214821      8.4576098     0.46041000
      2.4000000     -1.2382832      1.3732441   -0.048783772      8.4404902     0.46007500
      2.4000000     -1.2383031      1.3692902   -0.043971552      8.4191974     0.46044707
      2.4000000     -1.2386059      1.3667303   -0.035630678      8.4392392     0.46070492
      2.4000000     -1.2395027      1.3691581   -0.025928750      8.4373205     0.46214142
      2.4000000     -1.2395693      1.3694886   -0.018799508      8.4374909     0.46245557
      2.4000000     -1.2395303      1.3691634   -0.015858871      8.4619620     0.46209774
      2.4000000     -1.2395733      1.3678621   -0.014354603      8.4419325     0.46273683
      2.4000000     -1.2397408      1.3651213  -0.0082765625      8.4214207     0.46306672
      2.4000000     -1.2392262      1.3633044  -0.0095026154      8.4176370     0.46206431
      2.4000000     -1.2395202      1.3650161   -0.011192879      8.4375712     0.46280076
      2.4000000     -1.2396309      1.3654438   -0.016594328      8.4518463     0.46286418
      2.4000000     -1.2392210      1.3664063   -0.021772721      8.4667044     0.46199404
      2.4000000     -1.2397661      1.3685570   -0.028505870      8.4928536     0.46261761
      2.4000000     -1.2395484      1.3641984   -0.022393929      8.4594895     0.46276750
      2.4000000     -1.2390789      1.3652300   -0.019544225      8.4496769     0.46225944
      2.4000000     -1.2387869      1.3636538   -0.018884375      8.4363251     0.46140701
      2.4000000     -1.2386904      1.3620293   -0.014501301      8.4330812     0.46081295
      2.4000000     -1.2379485      1.3622681   -0.010984459      8.4619695     0.45902946
      2.4000000     -1.2379543      1.3608959  -0.0081945333      8.4560152     0.45901573
      2.4000000     -1.2380583      1.3594605  -0.0019233553      8.4409631     0.45933836
      2.4000000     -1.2379455      1.3641917  0.00044525974      8.4685855     0.45915682
      2.4000000     -1.2376473      1.3630619  -0.0039275641      8.4687462     0.45864141
      2.4000000     -1.2383723      1.3667503  -0.0015650633      8.4986656     0.45968380
      2.4000000     -1.2382870      1.3676401 -0.00083281250      8.5184128     0.45927706
      2.4000000     -1.2387990      1.3738261  -0.0062363580      8.5268507     0.46051747
      2.4000000     -1.2393607      1.3757181  -0.0086773780      8.5075322     0.46187311
      2.4000000     -1.2389131      1.3707188   -0.010056446      8.5013884     0.46080958
      2.4000000     -1.2389451      1.3706609  -0.0042905952      8.4875054     0.46105298
      2.4000000     -1.2389104      1.3715592  -0.0049871765      8.5031079     0.46092871
      2.4000000     -1.2389364      1.3694724  -0.0094729651      8.4772123     0.46140773
      2.4000000     -1.2388382      1.3679382  -0.0040118966      8.4613140     0.46152408
      2.4000000     -1.2382384      1.3672283 -0.00036562500      8.4662103     0.46034358
      2.4000000     -1.2389522      1.3684499  -0.0068247191      8.4592700     0.46190506
      2.4000000     -1.2388932      1.3671841  -0.0051483333      8.4546254     0.46167222
      2.4000000     -1.2391420      1.3688410 -0.00045851648      8.4655355     0.46169082
      2.4000000     -1.2388955      1.3703281  -0.0046885870      8.4710109     0.46143087
      2.4000000     -1.2387394      1.3738616  -0.0083513978      8.4984210     0.46095634
      2.4000000     -1.2385377      1.3712092  -0.0057132447      8.4905652     0.46048037
      2.4000000     -1.2381380      1.3693951  -0.0052256842      8.5048755     0.45951726
      2.4000000     -1.2378957      1.3666003  -0.0041421354      8.4974085     0.45908234
      2.4000000     -1.2371725      1.3676206  -0.0059726289      8.5036692     0.45775789
      2.4000000     -1.2374218      1.3667861   -0.011622500      8.4762294     0.45879770
      2.4000000     -1.2379469      1.3669988   -0.017297576      8.4543183     0.45995586
      2.4000000     -1.2377052      1.3641587   -0.015131200      8.4527472     0.45938400
      2.4000000     -1.2375161      1.3629923   -0.011863564      8.4494170     0.45907000
      2.4000000     -1.2376004      1.3642665  -0.0087232843      8.4588661     0.45925828
      2.4000000     -1.2369978      1.3643318   -0.010165291      8.4760051     0.45784733
      2.4000000     -1.2367786      1.3619117   -0.013018990      8.4567180     0.45749418
      2.4000000     -1.2367337      1.3605050   -0.012521619      8.4636595     0.45729648
      2.4000000     -1.2365266      1.3612738  -0.0091365566      8.4715577     0.45690863
      2.4000000     -1.2370016      1.3635593   -0.010658598      8.4807698     0.45771449
      2.4000000     -1.2370772      1.3636914   -0.013727037      8.4853899     0.45778454
      2.4000000     -1.2374239      1.3644119   -0.014056560      8.4829602     0.45856454
      2.4000000     -1.2370575      1.3646735   -0.014983955      8.5111998     0.45754032
      2.4000000     -1.2368415      1.3637411   -0.016397793      8.5148878     0.45706230
      2.4000000     -1.2370250      1.3624786   -0.018544732      8.5203258     0.45731027
      2.4000000     -1.2369727      1.3621099   -0.014223717      8.5136252     0.45743991
      2.4000000     -1.2370927      1.3622529   -0.018103026      8.5135625     0.45784943
      2.4000000     -1.2370771      1.3670517   -0.017345913      8.5451252     0.45760974
      2.4000000     -1.2370225      1.3654791   -0.016507974      8.5224529     0.45767573
      2.4000000     -1.2366291      1.3638436   -0.018027179      8.5176313     0.45691402
      2.4000000     -1.2361828      1.3637186   -0.020380000      8.5325254     0.45589136
      2.4000000     -1.2361892      1.3626012   -0.018822941      8.5275527     0.45607765
      2.4000000     -1.2361922      1.3636616   -0.015654583      8.5256710     0.45613117
      2.4000000     -1.2359791      1.3623220   -0.014992645      8.5452241     0.45510107
      2.4000000     -1.2357651      1.3637235   -0.017215779      8.5575539     0.45466611
      2.4000000     -1.2355219      1.3642808   -0.017291463      8.5666786     0.45420341
      2.4000000     -1.2355596      1.3665421   -0.019410968      8.5616186     0.45460411
      2.4000000     -1.2354058      1.3667179   -0.021914000      8.5643809     0.45441392
      2.4000000     -1.2351598      1.3641175   -0.023366230      8.5565688     0.45387242
      2.4000000     -1.2353067      1.3649601   -0.021257165      8.5565330     0.45425425
      2.4000000     -1.2350701      1.3648837   -0.021261133      8.5612672     0.45380027
      2.4000000     -1.2353902      1.3664116   -0.025137674      8.5698265     0.45443031
      2.4000000     -1.2353943      1.3655136   -0.022426038      8.5592277     0.45447627
      2.4000000     -1.2357163      1.3692816   -0.023130115      8.5703249     0.45508897
      2.4000000     -1.2355471      1.3688116   -0.022860303      8.5867169     0.45448765
      2.4000000     -1.2352126      1.3693942   -0.020694850      8.6011143     0.45368831
      2.4000000     -1.2353094      1.3688937   -0.017163246      8.5928773     0.45389929
      2.4000000     -1.2353581      1.3718811   -0.018151630      8.6005922     0.45398333
      2.4000000     -1.2355760      1.3732383   -0.021795625      8.5924448     0.45446952
      2.4000000     -1.2355321      1.3724219   -0.024435949      8.6020872     0.45407245
      2.4000000     -1.2356820      1.3718191   -0.023925036      8.5936015     0.45441417
      2.4000000     -1.2358196      1.3707840   -0.025476511      8.5778582     0.45482601
      2.4000000     -1.2356039      1.3692153   -0.023580143      8.5792430     0.45442036
      2.4000000     -1.2358577      1.3681376   -0.027449965      8.5605652     0.45523706
      2.4000000     -1.2356182      1.3676897   -0.024728803      8.5617147     0.45489324
      2.4000000     -1.2358353      1.3682171   -0.022093671      8.5586077     0.45518521
      2.4000000     -1.2359566      1.3692229   -0.018877569      8.5585411     0.45541729
      2.4000000     -1.2357377      1.3690666   -0.017774862      8.5627336     0.45501921
      2.4000000     -1.2359027      1.3688471   -0.017198253      8.5721213     0.45519565
      2.4000000     -1.2362463      1.3701862   -0.013196259      8.5679744     0.45598408
      2.4000000     -1.2365618      1.3704305  -0.0093568919      8.5598236     0.45665338
      2.4000000     -1.2365442      1.3688130  -0.0062678188      8.5425997     0.45672245
      2.4000000     -1.2363637      1.3676268  -0.0049322667      8.5498385     0.45608287
      2.4000000     -1.2365694      1.3705709  -0.0081857947      8.5601592     0.45637361
      2.4000000     -1.2363776      1.3711244  -0.0096666447      8.5513860     0.45616829
      2.4000000     -1.2363565      1.3717533  -0.0081144771      8.5609153     0.45609402
      2.4000000     -1.2360859      1.3700142  -0.0074871104      8.5769556     0.45525497
      2.4000000     -1.2359371      1.3691567  -0.0096879032      8.5716428     0.45490326
      2.4000000     -1.2363201      1.3719556  -0.0060017308      8.5724415     0.45562013
      2.4000000     -1.2363193      1.3730654  -0.0051163376      8.5797941     0.45557239
      2.4000000     -1.2364568      1.3742863  -0.0033710759      8.5861830     0.45574386
      2.4000000     -1.2366074      1.3729086  -0.0019256918      8.5761285     0.45597613
      2.4000000     -1.2363078      1.3734732  -0.0017180312      8.6001636     0.45510334
      2.4000000     -1.2362467      1.3727508  -0.0021504037      8.5878819     0.45505525
      2.4000000     -1.2361146      1.3711599  -0.0012822840      8.5843792     0.45477111
      2.4000000     -1.2361155      1.3712570  -0.0040047853      8.5891378     0.45475380
      2.4000000     -1.2360760      1.3702932  -0.0020578659      8.5858388     0.45463780
      2.4000000     -1.2359865      1.3708543 -0.00010145455      8.6000474     0.45440952
      2.4000000     -1.2361706      1.3719468  0.00055090361      8.6070272     0.45462759
      2.4000000     -1.2364907      1.3740145  -0.0027714970      8.6076224     0.45524790
      2.4000000     -1.2365027      1.3738314 -0.00019244048      8.6092432     0.45530970
      2.4000000     -1.2361415      1.3739010  0.00078488166      8.6267214     0.45450050
      2.4000000     -1.2357232      1.3734204 -0.00051947059      8.6353132     0.45363294
      2.4000000     -1.2356625      1.3733594   0.0013054386      8.6389933     0.45351556
      2.4000000     -1.2357011      1.3733364  -0.0014175291      8.6287933     0.45361608
      2.4000000     -1.2355340      1.3720626  -0.0037798555      8.6145808     0.45337009
      2.4000000     -1.2356902      1.3734078  -0.0065646264      8.6140028     0.45365198
      2.4000000     -1.2356943      1.3729020  -0.0089714857      8.6082523     0.45368909
      2.4000000     -1.2358903      1.3747205   -0.011748665      8.6054886     0.45418281
      2.4000000     -1.2358909      1.3750188   -0.011457910      8.5943827     0.45431751
      2.4000000     -1.2358590      1.3766522   -0.011924551      8.6116645     0.45414107
      2.4000000     -1.2356872      1.3759382   -0.012374246      8.6093950     0.45387894
      2.4000000     -1.2355006      1.3759826   -0.013672528      8.6151649     0.45331125
      2.4000000     -1.2354191      1.3746633   -0.013650193      8.6170388     0.45300025
      2.4000000     -1.2355763      1.3747869   -0.014829780      8.6172782     0.45337659
      2.4000000     -1.2353077      1.3750722   -0.015331202      8.6268132     0.45271399
      2.4000000     -1.2354378      1.3756457   -0.012590136      8.6219306     0.45308351
      2.4000000     -1.2354870      1.3749366   -0.013759162      8.6142841     0.45321570
      2.4000000     -1.2356369      1.3743055   -0.010938226      8.6019069     0.45353892
      2.4000000     -1.2358037      1.3748620  -0.0079357219      8.5915182     0.45406299
      2.4000000     -1.2356322      1.3755072  -0.0090662500      8.6033311     0.45371673
      2.4000000     -1.2358024      1.3749979  -0.0067921164      8.5892263     0.45409852
      2.4000000     -1.2359263      1.3734777  -0.0051505000      8.5872949     0.45434329
      2.4000000     -1.2360274      1.3741470  -0.0078956806      8.5813465     0.45474270
      2.4000000     -1.2358602      1.3733356  -0.0063365365      8.5850357     0.45443977
      2.4000000     -1.2356701      1.3734094  -0.0077764767      8.5901511     0.45404394
      2.4000000     -1.2358430      1.3745112   -0.010420361      8.5876603     0.45448655
      2.4000000     -1.2355734      1.3728613   -0.011751769      8.5999569     0.45367879
      2.4000000     -1.2356934      1.3728975  -0.0091705612      8.5975702     0.45397321
      2.4000000     -1.2357226      1.3721607   -0.010846218      8.5978407     0.45410881
      2.4000000     -1.2355220      1.3706140   -0.012065909      8.6041802     0.45348313
      2.4000000     -1.2354371      1.3726116   -0.013759673      8.6134265     0.45327224
      2.4000000     -1.2356229      1.3720663   -0.013349725      8.6052861     0.45371488
      2.4000000     -1.2356081      1.3715151   -0.014233781      8.6028416     0.45369552
      2.4000000     -1.2354897      1.3719143   -0.015223515      8.6116802     0.45331119
      2.4000000     -1.2352003      1.3722615   -0.015166650      8.6303509     0.45251015
      2.4000000     -1.2354420      1.3738672   -0.013001814      8.6392080     0.45287809
      2.4000000     -1.2352123      1.3745100   -0.014178293      8.6630510     0.45217761
      2.4000000     -1.2351914      1.3746102   -0.012326481      8.6719808     0.45203954
      2.4000000     -1.2349605      1.3732306   -0.011210169      8.6638638     0.45169655
      2.4000000     -1.2347712      1.3725324   -0.011844736      8.6630909     0.45135507
      2.4000000     -1.2347356      1.3719522   -0.011737943      8.6633694     0.45129914
      2.4000000     -1.2345446      1.3718888   -0.010377143      8.6690286     0.45091167
      2.4000000     -1.2346646      1.3720595   -0.010338507      8.6669119     0.45105519
      2.4000000     -1.2346112      1.3715464   -0.010610967      8.6592517     0.45097573
      2.4000000     -1.2346523      1.3726238   -0.011946925      8.6581759     0.45119462
      2.4000000     -1.2345831      1.3735282   -0.010248738      8.6762595     0.45083075
      2.4000000     -1.2347835      1.3767076  -0.0097956512      8.6918969     0.45107756
      2.4000000     -1.2345901      1.3760855  -0.0091670139      8.7017628     0.45041340
      2.4000000     -1.2347699      1.3763547   -0.011774447      8.6935593     0.45098744
      2.4000000     -1.2346054      1.3751778   -0.011231950      8.6810578     0.45086727
      2.4000000     -1.2348234      1.3767166   -0.013688995      8.6835123     0.45134630
      2.4000000     -1.2346845      1.3761510   -0.013318682      8.6885325     0.45095659
      2.4000000     -1.2348664      1.3768234   -0.013671290      8.6853651     0.45143057
      2.4000000     -1.2349069      1.3753835   -0.012211419      8.6846789     0.45138101
      2.4000000     -1.2350039      1.3757948   -0.014191704      8.6872401     0.45154202
      2.4000000     -1.2349302      1.3756185   -0.012951406      8.6954724     0.45127783
      2.4000000     -1.2346248      1.3762060   -0.012064444      8.7048858     0.45062756
      2.4000000     -1.2344357      1.3759006   -0.012946416      8.6960414     0.45040442
      2.4000000     -1.2345374      1.3773999   -0.012064956      8.6980280     0.45060795
      2.4000000     -1.2342649      1.3776353   -0.012334803      8.7029906     0.45006796
      2.4000000     -1.2341547      1.3763965   -0.012748559      8.7051359     0.44965402
      2.4000000     -1.2341599      1.3770139   -0.011503630      8.7039503     0.44978585
      2.4000000     -1.2342877      1.3756190  -0.0091933333      8.6928956     0.45010567
      2.4000000     -1.2343340      1.3753605  -0.0074301724      8.6979420     0.45001789
      2.4000000     -1.2342973      1.3750562  -0.0066126180      8.6929497     0.44997579
      2.4000000     -1.2345141      1.3757948  -0.0041117094      8.6851777     0.45052547
      2.4000000     -1.2345663      1.3758004  -0.0022229362      8.6833837     0.45058255
      2.4000000     -1.2346097      1.3763808  -0.0035120551      8.6875035     0.45059337
      2.4000000     -1.2345846      1.3762719  -0.0046043249      8.6883827     0.45045538
      2.4000000     -1.2346534      1.3770027  -0.0059401681      8.6871651     0.45061908
      2.4000000     -1.2347638      1.3776642  -0.0065296862      8.6866799     0.45092743
      2.4000000     -1.2347629      1.3763783  -0.0056075000      8.6795644     0.45084067
      2.4000000     -1.2348304      1.3769411  -0.0064947925      8.6801819     0.45101297
      2.4000000     -1.2348610      1.3767457  -0.0085483471      8.6736440     0.45125657
      2.4000000     -1.2348637      1.3766098   -0.010195412      8.6744549     0.45119006
      2.4000000     -1.2346950      1.3761143   -0.011333955      8.6813857     0.45070957
      2.4000000     -1.2345103      1.3756806   -0.010229469      8.6819328     0.45038392
      2.4000000     -1.2344338      1.3754767  -0.0099415854      8.6802900     0.45034390
      2.4000000     -1.2344546      1.3745765   -0.010666498      8.6750222     0.45035727
      2.4000000     -1.2344424      1.3737911  -0.0088624597      8.6693645     0.45035944
      2.4000000     -1.2345191      1.3749391  -0.0094030120      8.6696265     0.45049960
      2.4000000     -1.2346404      1.3763030   -0.010302900      8.6792231     0.45065478
      2.4000000     -1.2347806      1.3768184   -0.010450040      8.6734169     0.45095944
      2.4000000     -1.2349962      1.3779078  -0.0080979762      8.6687670     0.45148052
      2.4000000     -1.2350365      1.3764393  -0.0060822925      8.6552906     0.45169984
      2.4000000     -1.2348842      1.3760249  -0.0056720472      8.6603799     0.45135484
      2.4000000     -1.2351569      1.3782819  -0.0066991569      8.6648827     0.45175312
      2.4000000     -1.2353969      1.3807251  -0.0089121680      8.6674952     0.45222768
      2.4000000     -1.2352982      1.3802476  -0.0082280350      8.6700585     0.45198025
      2.4000000     -1.2349426      1.3803486  -0.0083829457      8.6889949     0.45107779
      2.4000000     -1.2349429      1.3799085  -0.0084852510      8.6853046     0.45118996
      2.4000000     -1.2350788      1.3809309   -0.010488712      8.6863911     0.45150840
      2.4000000     -1.2348874      1.3805301   -0.010164061      8.6951065     0.45095966
      2.4000000     -1.2349183      1.3810349  -0.0091672328      8.7016778     0.45090750
      2.4000000     -1.2349395      1.3813375  -0.0080171293      8.7027846     0.45094762
      2.4000000     -1.2347427      1.3814256  -0.0081607197      8.7136198     0.45046708
      2.4000000     -1.2347557      1.3809321  -0.0069799245      8.7096578     0.45051411
      2.4000000     -1.2345936      1.3809524  -0.0059007895      8.7140535     0.45012376
      2.4000000     -1.2345578      1.3810666  -0.0068044382      8.7122110     0.45013882
      2.4000000     -1.2343900      1.3805387  -0.0064662873      8.7103521     0.44977599
      2.4000000     -1.2342657      1.3800165  -0.0073975651      8.7080759     0.44958381
      2.4000000     -1.2344220      1.3818555  -0.0092739259      8.7150342     0.44987648
      2.4000000     -1.2346249      1.3825913   -0.011393561      8.7102098     0.45037028
      2.4000000     -1.2347983      1.3827796   -0.011036985      8.7146849     0.45067702
      2.4000000     -1.2349851      1.3830674   -0.012341245      8.7111515     0.45110209
      2.4000000     -1.2348592      1.3820842   -0.012852044      8.7076061     0.45074453
      2.4000000     -1.2349609      1.3818008   -0.012784800      8.7084902     0.45091015
      2.4000000     -1.2349564      1.3819940   -0.011103569      8.7119617     0.45092397
      2.4000000     -1.2351783      1.3827423  -0.0090718412      8.7126855     0.45130090
      2.4000000     -1.2352134      1.3834613  -0.0078992266      8.7173090     0.45142980
      2.4000000     -1.2350230      1.3826102  -0.0074421147      8.7257969     0.45094441
      2.4000000     -1.2348403      1.3819776  -0.0075337857      8.7302589     0.45056582
      2.4000000     -1.2347681      1.3832816  -0.0086353559      8.7482382     0.45022365
      2.4000000     -1.2349112      1.3837090  -0.0067297163      8.7464159     0.45053181
      2.4000000     -1.2349073      1.3836883  -0.0074948410      8.7427695     0.45058208
      2.4000000     -1.2350710      1.3836448  -0.0064031866      8.7391699     0.45096604
      2.4000000     -1.2350802      1.3826325  -0.0050171754      8.7345742     0.45091198
      2.4000000     -1.2349663      1.3816912  -0.0057159790      8.7240422     0.45074657
      2.4000000     -1.2350766      1.3833532  -0.0071314286      8.7300754     0.45093631
      2.4000000     -1.2350286      1.3839120  -0.0061938715      8.7299456     0.45088998
      2.4000000     -1.2350128      1.3833326  -0.0052294637      8.7187565     0.45100524
      2.4000000     -1.2351380      1.3839038  -0.0046161034      8.7132089     0.45133400
      2.4000000     -1.2350960      1.3846346  -0.0058637801      8.7217441     0.45118395
      2.4000000     -1.2350834      1.3841606  -0.0048028425      8.7199187     0.45117592
      2.4000000     -1.2348731      1.3839213  -0.0052212287      8.7251712     0.45067239
      2.4000000     -1.2348656      1.3840709  -0.0037773129      8.7288222     0.45064391
      2.4000000     -1.2347081      1.3830091  -0.0032810847      8.7267832     0.45027915
      2.4000000     -1.2346322      1.3826408  -0.0025606588      8.7273086     0.45013508
      2.4000000     -1.2344491      1.3824326  -0.0027112458      8.7412151     0.44968492
      2.4000000     -1.2345352      1.3829026  -0.0037059228      8.7427700     0.44986633
      2.4000000     -1.2342999      1.3830336  -0.0034511873      8.7452137     0.44936316
      2.4000000     -1.2344918      1.3845539  -0.0038833667      8.7511922     0.44965927
      2.4000000     -1.2343902      1.3835534  -0.0030526246      8.7455635     0.44952020
      2.4000000     -1.2342228      1.3827310  -0.0020020364      8.7483901     0.44911873
      2.4000000     -1.2342575      1.3826900 -0.00048706271      8.7482706     0.44918086
      2.4000000     -1.2340765      1.3823811  0.00015771382      8.7635918     0.44863189
      2.4000000     -1.2341859      1.3825910 -0.00083988525      8.7675494     0.44888923
      2.4000000     -1.2342240      1.3818384  0.00076168301      8.7628559     0.44903802
      2.4000000     -1.2342260      1.3819340   0.0015828502      8.7652311     0.44898520
      2.4000000     -1.2340385      1.3816618   0.0014631169      8.7817261     0.44840058
      2.4000000     -1.2339597      1.3805687   0.0024950809      8.7725319     0.44838087
      2.4000000     -1.2340848      1.3809917  0.00080179032      8.7756333     0.44865692
      2.4000000     -1.2341948      1.3810868 -0.00029446945      8.7739927     0.44885894
      2.4000000     -1.2344283      1.3822725  -0.0022377564      8.7745110     0.44936468
      2.4000000     -1.2343543      1.3826308  -0.0028379712      8.7814059     0.44922014
      2.4000000     -1.2344463      1.3822605  -0.0045750796      8.7734027     0.44953699
      2.4000000     -1.2346132      1.3823889  -0.0063584286      8.7698367     0.44990776
      2.4000000     -1.2348102      1.3838042  -0.0075738924      8.7748564     0.45026927
      2.4000000     -1.2346756      1.3838024  -0.0069784700      8.7860867     0.44986298
      2.4000000     -1.2346836      1.3837292  -0.0079480031      8.7845378     0.44994656
      2.4000000     -1.2346623      1.3843435  -0.0077317241      8.7925424     0.44979163
      2.4000000     -1.2346958      1.3844429  -0.0074160781      8.8006074     0.44969589
      2.4000000     -1.2346766      1.3840877  -0.0062391277      8.8015305     0.44964704
      2.4000000     -1.2347043      1.3830874  -0.0059469099      8.7972742     0.44973138
      2.4000000     -1.2346613      1.3823342  -0.0048900619      8.7924998     0.44962560
      2.4000000     -1.2349118      1.3825420  -0.0067211111      8.7902619     0.45008407
      2.4000000     -1.2350386      1.3831664  -0.0084083077      8.7867848     0.45040708
      2.4000000     -1.2348784      1.3825883  -0.0080246012      8.7883355     0.45001236
      2.4000000     -1.2348696      1.3827750  -0.0066541284      8.7869090     0.45002768
      2.4000000     -1.2348899      1.3827648  -0.0063114787      8.7905705     0.44998520
      2.4000000     -1.2347495      1.3819915  -0.0068598024      8.7874247     0.44969901
      2.4000000     -1.2346884      1.3816635  -0.0055892273      8.7854189     0.44963674
      2.4000000     -1.2347335      1.3820560  -0.0065546073      8.7874146     0.44970107
      2.4000000     -1.2347927      1.3812824  -0.0079885843      8.7824557     0.44981922
      2.4000000     -1.2346710      1.3801108  -0.0074880631      8.7811071     0.44946278
      2.4000000     -1.2345903      1.3798463  -0.0081669012      8.7756819     0.44927531
      2.4000000     -1.2347521      1.3809015  -0.0065983433      8.7788650     0.44956825
      2.4000000     -1.2347320      1.3815840  -0.0079744792      8.7750357     0.44962835
      2.4000000     -1.2348982      1.3811693  -0.0097073294      8.7684042     0.45005065
      2.4000000     -1.2349721      1.3814691   -0.010661967      8.7735969     0.45020862
      2.4000000     -1.2347783      1.3813536   -0.011131711      8.7813228     0.44972422
      2.4000000     -1.2347949      1.3811264   -0.010589015      8.7799244     0.44977387
      2.4000000     -1.2349711      1.3824299  -0.0089511877      8.7871850     0.45008884
      2.4000000     -1.2350935      1.3826321  -0.0073357602      8.7835411     0.45037576
      2.4000000     -1.2350613      1.3822889  -0.0063432070      8.7825703     0.45034111
      2.4000000     -1.2348980      1.3815961  -0.0070342878      8.7841628     0.44997565
      2.4000000     -1.2348760      1.3812051  -0.0068132754      8.7830252     0.44989565
      2.4000000     -1.2348375      1.3806053  -0.0074742052      8.7797577     0.44981207
      2.4000000     -1.2348251      1.3802495  -0.0085154035      8.7824580     0.44978736
      2.4000000     -1.2348463      1.3804680  -0.0077080172      8.7824587     0.44983945
      2.4000000     -1.2350132      1.3806129  -0.0093834957      8.7792584     0.45024828
      2.4000000     -1.2350701      1.3801309  -0.0085222286      8.7764853     0.45040831
      2.4000000     -1.2350949      1.3804490  -0.0082984330      8.7755527     0.45046758
      2.4000000     -1.2351108      1.3800512  -0.0075798437      8.7747067     0.45044700
      2.4000000     -1.2351621      1.3804619  -0.0084671671      8.7762001     0.45049190
      2.4000000     -1.2350997      1.3809042  -0.0080917232      8.7763151     0.45040062
      2.4000000     -1.2352248      1.3805402  -0.0082747324      8.7740715     0.45064262
      2.4000000     -1.2353574      1.3811736  -0.0066483006      8.7695952     0.45097996
      2.4000000     -1.2353116      1.3807553  -0.0064068627      8.7684518     0.45089202
      2.4000000     -1.2353555      1.3809994  -0.0061912011      8.7682703     0.45100737
      2.4000000     -1.2353565      1.3810641  -0.0052826323      8.7623637     0.45104617
      2.4000000     -1.2354259      1.3815854  -0.0044972778      8.7717762     0.45105844
      2.4000000     -1.2355094      1.3812383  -0.0030240305      8.7672276     0.45127381
      2.4000000     -1.2354150      1.3813352  -0.0023562845      8.7698803     0.45105372
      2.4000000     -1.2353987      1.3812710  -0.0031857025      8.7666685     0.45102129
      2.4000000     -1.2355257      1.3820761  -0.0037059066      8.7649235     0.45132462
      2.4000000     -1.2356974      1.3829397  -0.0020989452      8.7670321     0.45169062
      2.4000000     -1.2357301      1.3828028  -0.0015737842      8.7642024     0.45180955
      2.4000000     -1.2357972      1.3835853  -0.0030041008      8.7638330     0.45201625
      2.4000000     -1.2358910      1.3845563  -0.0044522011      8.7645582     0.45228304
      2.4000000     -1.2359288      1.3844356  -0.0053865989      8.7652301     0.45238492
      2.4000000     -1.2358698      1.3841256  -0.0057236081      8.7703753     0.45213647
      2.4000000     -1.2358752      1.3845677  -0.0054199730      8.7712685     0.45213213
      2.4000000     -1.2358906      1.3853687  -0.0053508737      8.7761222     0.45210698
      2.4000000     -1.2358734      1.3848688  -0.0054453887      8.7740543     0.45208064
      2.4000000     -1.2359684      1.3854845  -0.0042481016      8.7702949     0.45229516
      2.4000000     -1.2360667      1.3859198  -0.0028738000      8.7739573     0.45248721
      2.4000000     -1.2360993      1.3872620  -0.0018696277      8.7840120     0.45245894
      2.4000000     -1.2360273      1.3871588  -0.0023168302      8.7789093     0.45242683
      2.4000000     -1.2359067      1.3868701  -0.0022130820      8.7868584     0.45208332
      2.4000000     -1.2361053      1.3876452  -0.0011737599      8.7862000     0.45247484
      2.4000000     -1.2361131      1.3883519 -0.00067810526      8.7846337     0.45255421
      2.4000000     -1.2362259      1.3898658  0.00071392388      8.7864438     0.45277623
      2.4000000     -1.2363130      1.3898184   0.0021156545      8.7840086     0.45299547
      2.4000000     -1.2362585      1.3899323   0.0021355091      8.7841214     0.45286326
      2.4000000     -1.2362477      1.3901162  0.00098807292      8.7855590     0.45283469
      2.4000000     -1.2362922      1.3906044 -0.00029577922      8.7822874     0.45295583
      2.4000000     -1.2364441      1.3913095  -0.0017570725      8.7823478     0.45324946
      2.4000000     -1.2365137      1.3921349 -0.00047456072      8.7836496     0.45340314
      2.4000000     -1.2363999      1.3919334 -0.00090405928      8.7831166     0.45316880
      2.4000000     -1.2363358      1.3912896  -0.0010927892      8.7825750     0.45303860
      2.4000000     -1.2364686      1.3918654  0.00036876923      8.7819614     0.45333615
      2.4000000     -1.2365598      1.3920836   0.0015904220      8.7791214     0.45350684
      2.4000000     -1.2365646      1.3920519   0.0020761097      8.7798141     0.45346784
      2.4000000     -1.2364929      1.3916369   0.0019746819      8.7781042     0.45332318
      2.4000000     -1.2363475      1.3916303   0.0023125508      8.7812518     0.45302821
      2.4000000     -1.2362919      1.3919195   0.0029776835      8.7863679     0.45291194
      2.4000000     -1.2362785      1.3918421   0.0027787500      8.7797425     0.45295564
      2.4000000     -1.2363515      1.3922058   0.0039400126      8.7772748     0.45314875
      2.4000000     -1.2363861      1.3923494   0.0029197613      8.7738145     0.45326617
      2.4000000     -1.2363543      1.3916911   0.0028583835      8.7671422     0.45328209
      2.4000000     -1.2363679      1.3914604   0.0030783000      8.7648461     0.45332660
      2.4000000     -1.2364278      1.3925389   0.0035565960      8.7657314     0.45347128
      2.4000000     -1.2364475      1.3935600   0.0046116418      8.7709174     0.45348423
      2.4000000     -1.2363207      1.3926911   0.0046673945      8.7695317     0.45316074
      2.4000000     -1.2362220      1.3930897   0.0042061139      8.7695330     0.45300198
      2.4000000     -1.2361174      1.3938170   0.0039394815      8.7772113     0.45274054
      2.4000000     -1.2362367      1.3948700   0.0025274877      8.7764317     0.45302931
      2.4000000     -1.2362773      1.3950597   0.0021424570      8.7734634     0.45311592
      2.4000000     -1.2363761      1.3958400   0.0032001225      8.7731052     0.45330169
      2.4000000     -1.2364403      1.3960099   0.0025059780      8.7724746     0.45341246
      2.4000000     -1.2364638      1.3959508   0.0032502683      8.7705001     0.45353251
      2.4000000     -1.2364250      1.3957343   0.0027210097      8.7642763     0.45353142
      2.4000000     -1.2365828      1.3962495   0.0012331189      8.7631256     0.45391200
      2.4000000     -1.2366012      1.3960520  0.00014162228      8.7628014     0.45395412
      2.4000000     -1.2366592      1.3960257  0.00047148551      8.7649263     0.45403813
      2.4000000     -1.2366388      1.3966598 -4.0602410E-05      8.7697077     0.45402173
      2.4000000     -1.2366790      1.3966061   0.0010431731      8.7706927     0.45406678
      2.4000000     -1.2365476      1.3963000   0.0012363669      8.7838956     0.45359699
      2.4000000     -1.2365992      1.3961339   0.0017156340      8.7812123     0.45375585
      2.4000000     -1.2365388      1.3956818   0.0017846897      8.7774037     0.45367696
      2.4000000     -1.2365440      1.3955480   0.0010368095      8.7774208     0.45368721
      2.4000000     -1.2365007      1.3950882   0.0019669359      8.7759067     0.45357993
      2.4000000     -1.2366353      1.3947207   0.0033644076      8.7710564     0.45390723
      2.4000000     -1.2366533      1.3946631   0.0038379905      8.7717613     0.45395482
      2.4000000     -1.2366207      1.3943778   0.0033198349      8.7695966     0.45390748
      2.4000000     -1.2366053      1.3944695   0.0040768588      8.7731529     0.45384229
      2.4000000     -1.2365649      1.3942118   0.0029547653      8.7657377     0.45389207
      2.4000000     -1.2366119      1.3943244   0.0023732553      8.7693373     0.45392384
      2.4000000     -1.2367954      1.3953923   0.0034310748      8.7726373     0.45424145
      2.4000000     -1.2367184      1.3953280   0.0032517832      8.7698994     0.45419675
      2.4000000     -1.2366790      1.3955355   0.0041248372      8.7754038     0.45405033
      2.4000000     -1.2367067      1.3955908   0.0031364501      8.7768837     0.45411566
      2.4000000     -1.2368051      1.3955105   0.0029239468      8.7729902     0.45432346
      2.4000000     -1.2369209      1.3964325   0.0023584642      8.7731225     0.45460906
      2.4000000     -1.2368758      1.3967846   0.0029670507      8.7824435     0.45444906
      2.4000000     -1.2368238      1.3969023   0.0030537011      8.7825974     0.45435984
      2.4000000     -1.2366496      1.3965798   0.0034995757      8.7888000     0.45394288
      2.4000000     -1.2366161      1.3965570   0.0034452174      8.7910728     0.45381979
      2.4000000     -1.2367026      1.3972193   0.0023547260      8.7965161     0.45391014
      2.4000000     -1.2367150      1.3981802   0.0014676765      8.8046607     0.45391118
      2.4000000     -1.2367708      1.3980880   0.0024800568      8.8050902     0.45402406
      2.4000000     -1.2367841      1.3972625   0.0018014059      8.7999530     0.45405265
      2.4000000     -1.2367878      1.3971657   0.0023384729      8.8047276     0.45397329
      2.4000000     -1.2368497      1.3971974   0.0034281828      8.8042317     0.45405900
      2.4000000     -1.2369457      1.3978496   0.0042873536      8.8068404     0.45421364
      2.4000000     -1.2368054      1.3977616   0.0041637865      8.8151195     0.45386873
      2.4000000     -1.2366763      1.3975524   0.0035344170      8.8223556     0.45350713
      2.4000000     -1.2366252      1.3973805   0.0035348658      8.8234223     0.45333737
      2.4000000     -1.2367281      1.3976625   0.0046355357      8.8244218     0.45351500
      2.4000000     -1.2367199      1.3981346   0.0039687528      8.8266613     0.45349523
      2.4000000     -1.2367636      1.3978357   0.0035559333      8.8277161     0.45357253
      2.4000000     -1.2367700      1.3976856   0.0040035366      8.8226267     0.45363334
      2.4000000     -1.2367520      1.3971174   0.0041215929      8.8186406     0.45362617
      2.4000000     -1.2367262      1.3963113   0.0051040839      8.8136453     0.45361704
      2.4000000     -1.2368020      1.3969979   0.0056198899      8.8175195     0.45371297
      2.4000000     -1.2368238      1.3970259   0.0054166044      8.8168424     0.45373871
      2.4000000     -1.2368696      1.3970858   0.0059921162      8.8162318     0.45382558
      2.4000000     -1.2368299      1.3968972   0.0061942560      8.8171564     0.45373903
      2.4000000     -1.2369371      1.3976920   0.0050472926      8.8176713     0.45398463
      2.4000000     -1.2368695      1.3974193   0.0044229303      8.8144409     0.45389358
      2.4000000     -1.2368872      1.3974011   0.0042823043      8.8132867     0.45396646
      2.4000000     -1.2367918      1.3970179   0.0046115618      8.8175682     0.45371215
      2.4000000     -1.2368445      1.3970481   0.0038990260      8.8157494     0.45383528
      2.4000000     -1.2369476      1.3981830   0.0028378942      8.8191999     0.45399126
      2.4000000     -1.2369223      1.3980392   0.0021296875      8.8199823     0.45391548
      2.4000000     -1.2368932      1.3978218   0.0030816882      8.8156423     0.45390506
      2.4000000     -1.2368128      1.3977553   0.0036526180      8.8153081     0.45377131
      2.4000000     -1.2367925      1.3972920   0.0040879979      8.8125259     0.45376003
      2.4000000     -1.2367040      1.3970248   0.0044445192      8.8149026     0.45355072
      2.4000000     -1.2367404      1.3964893   0.0041210128      8.8101669     0.45369779
      2.4000000     -1.2368235      1.3966076   0.0042917021      8.8076827     0.45388294
      2.4000000     -1.2368804      1.3969444   0.0047522399      8.8055891     0.45402772
      2.4000000     -1.2370032      1.3973849   0.0054251695      8.8036794     0.45428619
      2.4000000     -1.2369937      1.3972978   0.0051739852      8.8095675     0.45416904
      2.4000000     -1.2370091      1.3976528   0.0060511498      8.8094355     0.45421621
      2.4000000     -1.2369881      1.3977596   0.0058784105      8.8098290     0.45418252
      2.4000000     -1.2369091      1.3979047   0.0054904937      8.8119347     0.45397608
      2.4000000     -1.2368332      1.3975488   0.0056474004      8.8107630     0.45381604
      2.4000000     -1.2369018      1.3983559   0.0046343933      8.8147082     0.45393362
      2.4000000     -1.2369226      1.3981518   0.0039218789      8.8154056     0.45393539
      2.4000000     -1.2368518      1.3979018   0.0030404167      8.8077224     0.45386348
      2.4000000     -1.2369037      1.3981992   0.0027415177      8.8086790     0.45390112
      2.4000000     -1.2369488      1.3984837   0.0017522925      8.8109716     0.45396677
      2.4000000     -1.2369990      1.3985500  0.00079607660      8.8146006     0.45400937
      2.4000000     -1.2370134      1.3985871 -0.00023364669      8.8100505     0.45410053
      2.4000000     -1.2369441      1.3985991 -0.00081547423      8.8122171     0.45392910
      2.4000000     -1.2369629      1.3989817 -0.00019324074      8.8147134     0.45397096
      2.4000000     -1.2370731      1.3992369   0.0010097741      8.8112676     0.45424140
      2.4000000     -1.2371693      1.3989752   0.0021721107      8.8076390     0.45447498
      2.4000000     -1.2371589      1.3989158   0.0030608691      8.8087528     0.45448559
      2.4000000     -1.2372768      1.3990849   0.0042374184      8.8072135     0.45475207
      2.4000000     -1.2373558      1.4001373   0.0035287373      8.8134875     0.45481733
      2.4000000     -1.2374401      1.4010052   0.0030457825      8.8150399     0.45498078
      2.4000000     -1.2373928      1.4003488   0.0028510243      8.8165223     0.45483129
      2.4000000     -1.2373681      1.4000103   0.0035563866      8.8185691     0.45473501
      2.4000000     -1.2373273      1.4007349   0.0037679293      8.8229589     0.45459130
      2.4000000     -1.2373010      1.4006091   0.0043679940      8.8270738     0.45449727
      2.4000000     -1.2373355      1.4006133   0.0048865694      8.8234510     0.45464754
      2.4000000     -1.2372819      1.4000893   0.0053924799      8.8238237     0.45452583
      2.4000000     -1.2372685      1.4000908   0.0062163126      8.8225615     0.45452238
      2.4000000     -1.2372274      1.3999665   0.0062900100      8.8229131     0.45445409
      2.4000000     -1.2372320      1.4000954   0.0065756287      8.8194308     0.45451762
      2.4000000     -1.2372792      1.4000644   0.0075237450      8.8182386     0.45457934
      2.4000000     -1.2372965      1.4002886   0.0085051193      8.8166743     0.45467442
      2.4000000     -1.2373278      1.4000312   0.0087663194      8.8135733     0.45476328
      2.4000000     -1.2374094      1.4001505   0.0077786139      8.8154105     0.45487319
      2.4000000     -1.2374603      1.4004080   0.0068921542      8.8195680     0.45489879
      2.4000000     -1.2373607      1.4007118   0.0075138264      8.8240566     0.45468126
      2.4000000     -1.2373241      1.4013348   0.0072205906      8.8240346     0.45465528
      2.4000000     -1.2373272      1.4011097   0.0070577603      8.8258491     0.45461762
      2.4000000     -1.2373450      1.4013095   0.0077419020      8.8275791     0.45461767
      2.4000000     -1.2373605      1.4012559   0.0087189237      8.8233999     0.45473528
      2.4000000     -1.2372990      1.4011628   0.0080073340      8.8254250     0.45460843
      2.4000000     -1.2372381      1.4007204   0.0073944834      8.8237554     0.45446273
      2.4000000     -1.2372484      1.4002704   0.0077101265      8.8216004     0.45444812
      2.4000000     -1.2373374      1.4009736   0.0087123107      8.8233981     0.45460390
      2.4000000     -1.2372843      1.4006702   0.0087367926      8.8229311     0.45453828
      2.4000000     -1.2372170      1.4011915   0.0088173501      8.8279169     0.45439971
      2.4000000     -1.2372513      1.4012428   0.0093611197      8.8250299     0.45446934
      2.4000000     -1.2372209      1.4003291   0.0099200867      8.8217460     0.45441448
      2.4000000     -1.2370987      1.4005360    0.010167212      8.8228991     0.45420744
      2.4000000     -1.2371084      1.4005616   0.0093253071      8.8234081     0.45421218
      2.4000000     -1.2370267      1.4000095   0.0092525383      8.8253548     0.45398867
      2.4000000     -1.2370454      1.3999577   0.0096362141      8.8215417     0.45404440
      2.4000000     -1.2369694      1.3999226   0.0097267080      8.8213638     0.45389421
      2.4000000     -1.2370392      1.3998403    0.010763867      8.8161233     0.45408979
      2.4000000     -1.2369837      1.3994648    0.010874221      8.8150773     0.45400880
      2.4000000     -1.2369180      1.3990457    0.010941072      8.8178278     0.45387287
      2.4000000     -1.2368215      1.3988256    0.010548494      8.8171064     0.45367535
      2.4000000     -1.2368762      1.3984432    0.011493979      8.8160963     0.45380434
      2.4000000     -1.2368776      1.3985909    0.011016340      8.8182699     0.45379683
      2.4000000     -1.2368907      1.3985613    0.010745395      8.8149636     0.45384417
      2.4000000     -1.2368126      1.3989235    0.010151814      8.8187074     0.45364602
      2.4000000     -1.2367886      1.3984581   0.0099267448      8.8165427     0.45354926
      2.4000000     -1.2367782      1.3983134   0.0098020974      8.8174745     0.45352045
      2.4000000     -1.2367892      1.3986388   0.0090858411      8.8216254     0.45351896
      2.4000000     -1.2368719      1.3989005   0.0080522481      8.8217393     0.45369301
      2.4000000     -1.2368286      1.3993127   0.0081868063      8.8210361     0.45362150
      2.4000000     -1.2368335      1.3992262   0.0082818494      8.8223665     0.45363821
      2.4000000     -1.2369222      1.4000401   0.0093145733      8.8227450     0.45384533
      2.4000000     -1.2370172      1.4004285    0.010345676      8.8212549     0.45405327
      2.4000000     -1.2369746      1.4003357    0.010494852      8.8228298     0.45393842
      2.4000000     -1.2370301      1.4004214   0.0094885886      8.8205449     0.45408912
      2.4000000     -1.2370554      1.4008367   0.0092080663      8.8218043     0.45410580
      2.4000000     -1.2370999      1.4007956   0.0099992188      8.8185829     0.45428282
      2.4000000     -1.2371401      1.4006247    0.010937119      8.8153505     0.45440569
      2.4000000     -1.2371419      1.4000893    0.011328269      8.8104633     0.45444082
      2.4000000     -1.2371076      1.4000615    0.011031837      8.8106220     0.45431321
      2.4000000     -1.2371166      1.3997487    0.011735456      8.8092194     0.45435341
      2.4000000     -1.2371348      1.3994101    0.011861275      8.8058035     0.45444973
      2.4000000     -1.2372661      1.3998778    0.010738755      8.8046641     0.45472441
      2.4000000     -1.2371746      1.3995016    0.010348548      8.8072210     0.45450575
      2.4000000     -1.2371583      1.3997981    0.010681839      8.8109875     0.45443236
      2.4000000     -1.2371313      1.3998255    0.011245515      8.8102277     0.45442425
      2.4000000     -1.2370860      1.3996103    0.011294892      8.8116453     0.45433971
      2.4000000     -1.2370765      1.3996543    0.012026135      8.8103666     0.45435192
      2.4000000     -1.2370562      1.3992455    0.011708192      8.8065819     0.45433479
      2.4000000     -1.2370319      1.3988820    0.011924892      8.8050311     0.45426277
      2.4000000     -1.2370433      1.3987420    0.011072007      8.8066922     0.45428875
      2.4000000     -1.2370071      1.3985797    0.010681503      8.8064474     0.45423134
      2.4000000     -1.2371317      1.3993242    0.010963812      8.8094399     0.45446619
      2.4000000     -1.2371378      1.3994898    0.011538414      8.8102936     0.45447472
      2.4000000     -1.2371666      1.3999223    0.012245996      8.8081388     0.45458313
      2.4000000     -1.2372819      1.4006936    0.012256297      8.8090628     0.45481109
      2.4000000     -1.2372331      1.4005316    0.012928271      8.8054595     0.45474293
      2.4000000     -1.2372199      1.4009469    0.013618920      8.8072091     0.45471575
      2.4000000     -1.2371494      1.4007234    0.013277756      8.8075546     0.45457809
      2.4000000     -1.2372143      1.4003306    0.012775194      8.8077824     0.45462971
      2.4000000     -1.2372054      1.4006975    0.013185757      8.8106961     0.45457938
      2.4000000     -1.2372243      1.4007418    0.013764473      8.8134077     0.45458479
      2.4000000     -1.2371834      1.4006204    0.013209430      8.8123245     0.45451503
      2.4000000     -1.2372673      1.4009546    0.012183949      8.8100231     0.45472148
      2.4000000     -1.2372554      1.4009017    0.011521329      8.8108311     0.45468558
      2.4000000     -1.2372827      1.4010452    0.011139921      8.8122234     0.45469402
      2.4000000     -1.2372637      1.4010194    0.011226551      8.8113628     0.45461864
      2.4000000     -1.2373145      1.4018579    0.010802304      8.8154181     0.45470187
      2.4000000     -1.2372699      1.4017177    0.010227986      8.8177552     0.45456528
      2.4000000     -1.2372810      1.4022525    0.010833813      8.8186667     0.45459111
      2.4000000     -1.2373083      1.4024559    0.010856419      8.8180203     0.45465879
      2.4000000     -1.2372919      1.4022798    0.010450846      8.8221309     0.45457703
      2.4000000     -1.2372549      1.4017591    0.011051845      8.8219487     0.45449631
      2.4000000     -1.2373428      1.4015319    0.010071824      8.8187809     0.45467909
      2.4000000     -1.2373415      1.4019967   0.0094608333      8.8203223     0.45467843
      2.4000000     -1.2373736      1.4016133   0.0085836278      8.8166433     0.45478142
      2.4000000     -1.2373402      1.4015714   0.0091372517      8.8201103     0.45470828
      2.4000000     -1.2372991      1.4016164   0.0085557778      8.8248831     0.45460725
      2.4000000     -1.2373383      1.4022331   0.0094104949      8.8247246     0.45474271
      2.4000000     -1.2374449      1.4026477    0.010070579      8.8245859     0.45496872
      2.4000000     -1.2374368      1.4024898   0.0096826701      8.8248005     0.45495474
      2.4000000     -1.2374248      1.4024359    0.010432555      8.8247942     0.45494999
      2.4000000     -1.2374110      1.4025789    0.010777627      8.8237748     0.45493931
      2.4000000     -1.2374383      1.4023284    0.011448367      8.8215500     0.45502674
      2.4000000     -1.2373925      1.4017349    0.011721166      8.8219662     0.45492426
      2.4000000     -1.2373886      1.4017732    0.012175995      8.8222693     0.45494554
      2.4000000     -1.2373437      1.4020229    0.011826776      8.8239962     0.45486149
      2.4000000     -1.2372623      1.4018037    0.011586639      8.8264399     0.45466518
      2.4000000     -1.2373557      1.4019750    0.011149279      8.8248775     0.45485716
      2.4000000     -1.2373134      1.4024548    0.011471089      8.8318113     0.45469116
      2.4000000     -1.2373608      1.4029477    0.011643587      8.8357087     0.45474630
      2.4000000     -1.2372645      1.4026089    0.011841344      8.8353685     0.45452929
      2.4000000     -1.2372718      1.4027749    0.011935525      8.8407619     0.45451482
      2.4000000     -1.2373877      1.4031618    0.010931988      8.8397723     0.45474244
      2.4000000     -1.2373829      1.4035131    0.010267068      8.8410422     0.45470134
      2.4000000     -1.2373874      1.4040691    0.010222794      8.8428598     0.45473011
      2.4000000     -1.2374183      1.4042766   0.0097936341      8.8462443     0.45474734
      2.4000000     -1.2373956      1.4046962    0.010176562      8.8454249     0.45472279
      2.4000000     -1.2373349      1.4044815   0.0098061964      8.8472659     0.45456204
      2.4000000     -1.2373562      1.4047843   0.0092670099      8.8510412     0.45455261
      2.4000000     -1.2374159      1.4052633    0.010116702      8.8516188     0.45469854
      2.4000000     -1.2375436      1.4060051    0.011007397      8.8537809     0.45492236
      2.4000000     -1.2375657      1.4058817    0.011433787      8.8513233     0.45499436
      2.4000000     -1.2376097      1.4057323    0.012281547      8.8490019     0.45511745
      2.4000000     -1.2375392      1.4058338    0.012638554      8.8503329     0.45500525
      2.4000000     -1.2375919      1.4058126    0.013451794      8.8482665     0.45511462
      2.4000000     -1.2376395      1.4060135    0.014203730      8.8485301     0.45518539
      2.4000000     -1.2376379      1.4055960    0.013921512      8.8433774     0.45519161
      2.4000000     -1.2376746      1.4057074    0.013085365      8.8419729     0.45527590
      2.4000000     -1.2375959      1.4060794    0.012727188      8.8450845     0.45516377
      2.4000000     -1.2377594      1.4070817    0.011655024      8.8487050     0.45548025
      2.4000000     -1.2376824      1.4068192    0.011565880      8.8511229     0.45528708
      2.4000000     -1.2376953      1.4067928    0.010847435      8.8517089     0.45530295
      2.4000000     -1.2377227      1.4069359    0.010249847      8.8512687     0.45534711
      2.4000000     -1.2376725      1.4071904    0.010068810      8.8536947     0.45526611
      2.4000000     -1.2376561      1.4072428   0.0094393098      8.8575832     0.45520377
      2.4000000     -1.2376049      1.4074298   0.0098780208      8.8605846     0.45506251
      2.4000000     -1.2375958      1.4071495    0.010038664      8.8577450     0.45508956
      2.4000000     -1.2376060      1.4072870    0.010323339      8.8603869     0.45505308
      2.4000000     -1.2376042      1.4069622    0.010817656      8.8597188     0.45504270
      2.4000000     -1.2375805      1.4065401    0.011102110      8.8589916     0.45498905
      2.4000000     -1.2375476      1.4062022    0.011535914      8.8588753     0.45488542
      2.4000000     -1.2376441      1.4060880    0.012478675      8.8554046     0.45512445
      2.4000000     -1.2376733      1.4061807    0.012852472      8.8527632     0.45521423
      2.4000000     -1.2376754      1.4058536    0.012636780      8.8550542     0.45517624
      2.4000000     -1.2377121      1.4062232    0.012337923      8.8572055     0.45521133
      2.4000000     -1.2378558      1.4070474    0.013337145      8.8574482     0.45551202
      2.4000000     -1.2378966      1.4065753    0.013013992      8.8562505     0.45559695
      2.4000000     -1.2378974      1.4064656    0.012901242      8.8555478     0.45557604
      2.4000000     -1.2379397      1.4067265    0.013579215      8.8581239     0.45560909
      2.4000000     -1.2379412      1.4063837    0.014182751      8.8584757     0.45558477
      2.4000000     -1.2379970      1.4063702    0.013465376      8.8576376     0.45570090
      2.4000000     -1.2380171      1.4064125    0.013183070      8.8562170     0.45573934
      2.4000000     -1.2380228      1.4066161    0.013729766      8.8571126     0.45574321
      2.4000000     -1.2379522      1.4061748    0.013885763      8.8583696     0.45555620
      2.4000000     -1.2379740      1.4062337    0.013677434      8.8565313     0.45561207
      2.4000000     -1.2379566      1.4062700    0.013768106      8.8584164     0.45556230
      2.4000000     -1.2379386      1.4060155    0.014361302      8.8586919     0.45550817
      2.4000000     -1.2378368      1.4059034    0.014298088      8.8611676     0.45531211
      2.4000000     -1.2378476      1.4055409    0.013610402      8.8586381     0.45533978
      2.4000000     -1.2378617      1.4057213    0.013864583      8.8595364     0.45532244
      2.4000000     -1.2378428      1.4055190    0.013999969      8.8623251     0.45524374
      2.4000000     -1.2378438      1.4054640    0.013786054      8.8608731     0.45524888
      2.4000000     -1.2378587      1.4053918    0.013760392      8.8583253     0.45531586
      2.4000000     -1.2378715      1.4061808    0.013463811      8.8625079     0.45530834
      2.4000000     -1.2377857      1.4061617    0.013781126      8.8660761     0.45509471
      2.4000000     -1.2377612      1.4053620    0.014222003      8.8645198     0.45499480
      2.4000000     -1.2377762      1.4050815    0.014596916      8.8647298     0.45502185
      2.4000000     -1.2377984      1.4054543    0.015037218      8.8645432     0.45509133
      2.4000000     -1.2377537      1.4055942    0.015525807      8.8686501     0.45496243
      2.4000000     -1.2377028      1.4055209    0.015762143      8.8700349     0.45482468
      2.4000000     -1.2376103      1.4054719    0.015541214      8.8721701     0.45460636
      2.4000000     -1.2376513      1.4056410    0.016005265      8.8721434     0.45468610
      2.4000000     -1.2377087      1.4057552    0.016148343      8.8708023     0.45481644
      2.4000000     -1.2377773      1.4060913    0.015327198      8.8726349     0.45494058
      2.4000000     -1.2377690      1.4058415    0.015145792      8.8703444     0.45493956
      2.4000000     -1.2378435      1.4062893    0.015989224      8.8690011     0.45512243
      2.4000000     -1.2378713      1.4059816    0.016778609      8.8646292     0.45525147
      2.4000000     -1.2378319      1.4061215    0.016629835      8.8655185     0.45518805
      2.4000000     -1.2378617      1.4058548    0.015782189      8.8611216     0.45532832
      2.4000000     -1.2379232      1.4058033    0.015351175      8.8581879     0.45548827
      2.4000000     -1.2379395      1.4054731    0.016067451      8.8537014     0.45554664
      2.4000000     -1.2380086      1.4055642    0.016801000      8.8530256     0.45568833
      2.4000000     -1.2379747      1.4051251    0.016703323      8.8483400     0.45566875
      2.4000000     -1.2379235      1.4051741    0.016748668      8.8505356     0.45552852
      2.4000000     -1.2379021      1.4050136    0.016731040      8.8485147     0.45552031
      2.4000000     -1.2379391      1.4048854    0.017503108      8.8462432     0.45565038
      2.4000000     -1.2380020      1.4045805    0.018010926      8.8447731     0.45578030
      2.4000000     -1.2380736      1.4049060    0.018402056      8.8433147     0.45592121
      2.4000000     -1.2380724      1.4051040    0.018273191      8.8409332     0.45597154
      2.4000000     -1.2380410      1.4050880    0.018741541      8.8417005     0.45590939
      2.4000000     -1.2379703      1.4051174    0.018992334      8.8457520     0.45571425
      2.4000000     -1.2379600      1.4053450    0.019464956      8.8450764     0.45570144
      2.4000000     -1.2379344      1.4052722    0.019338113      8.8424948     0.45568161
      2.4000000     -1.2378838      1.4056116    0.019557925      8.8442862     0.45558804
      2.4000000     -1.2379206      1.4057450    0.018788939      8.8420049     0.45566390
      2.4000000     -1.2379913      1.4061351    0.019218735      8.8407415     0.45580893
      2.4000000     -1.2380006      1.4065353    0.018527927      8.8426593     0.45584575
      2.4000000     -1.2380152      1.4068517    0.018109949      8.8430604     0.45587316
      2.4000000     -1.2380156      1.4065556    0.017643617      8.8418251     0.45588890
      2.4000000     -1.2379863      1.4062369    0.018158299      8.8428399     0.45582109
      2.4000000     -1.2380744      1.4067506    0.018984550      8.8425523     0.45601221
      2.4000000     -1.2380610      1.4064982    0.018796877      8.8383792     0.45607244
      2.4000000     -1.2379992      1.4064455    0.019055948      8.8396947     0.45593708
      2.4000000     -1.2380658      1.4070302    0.018844169      8.8423950     0.45605762
      2.4000000     -1.2380832      1.4069038    0.018178232      8.8421278     0.45604587
      2.4000000     -1.2380549      1.4064265    0.018534157      8.8395379     0.45596978
      2.4000000     -1.2380752      1.4065599    0.019188496      8.8396219     0.45600124
      2.4000000     -1.2380623      1.4064241    0.019495388      8.8410975     0.45597342
      2.4000000     -1.2380244      1.4063382    0.019065782      8.8453506     0.45584779
      2.4000000     -1.2380749      1.4064327    0.019101189      8.8447991     0.45593749
      2.4000000     -1.2380543      1.4061374    0.019102432      8.8445297     0.45589113
      2.4000000     -1.2381368      1.4065441    0.019867986      8.8447554     0.45605230
      2.4000000     -1.2381341      1.4064830    0.019804665      8.8430558     0.45609137
      2.4000000     -1.2382064      1.4067549    0.019648333      8.8418197     0.45623259
      2.4000000     -1.2382052      1.4067340    0.019221771      8.8410983     0.45625494
      2.4000000     -1.2381843      1.4066044    0.018896982      8.8372109     0.45625664
      2.4000000     -1.2381678      1.4067116    0.018957759      8.8340073     0.45628129
      2.4000000     -1.2382297      1.4067695    0.019715574      8.8307606     0.45641971
      2.4000000     -1.2381921      1.4066776    0.019168720      8.8301222     0.45635194
      2.4000000     -1.2381575      1.4067280    0.019075021      8.8328529     0.45626335
      2.4000000     -1.2381365      1.4063780    0.019382221      8.8318845     0.45624143
      2.4000000     -1.2380663      1.4061786    0.018993303      8.8347161     0.45606980
      2.4000000     -1.2381110      1.4066032    0.018970696      8.8376753     0.45614518
      2.4000000     -1.2380737      1.4062975    0.019303912      8.8347409     0.45611759
      2.4000000     -1.2380285      1.4060020    0.018673892      8.8318486     0.45610041
      2.4000000     -1.2379490      1.4057916    0.018428522      8.8339328     0.45592457
      2.4000000     -1.2379226      1.4058696    0.017899168      8.8330446     0.45590128
      2.4000000     -1.2378585      1.4056190    0.017917703      8.8302634     0.45580555
      2.4000000     -1.2378066      1.4056012    0.018025851      8.8326063     0.45568720
      2.4000000     -1.2377976      1.4059102    0.018154499      8.8354567     0.45564045
      2.4000000     -1.2377461      1.4056360    0.017925981      8.8372072     0.45549193
      2.4000000     -1.2377451      1.4057522    0.017584410      8.8395943     0.45543780
      2.4000000     -1.2377147      1.4057294    0.017924029      8.8386692     0.45539406
      2.4000000     -1.2377463      1.4060914    0.017968705      8.8413033     0.45546965
      2.4000000     -1.2377419      1.4059049    0.017544405      8.8396748     0.45545075
      2.4000000     -1.2377288      1.4058223    0.017475870      8.8403566     0.45539888
      2.4000000     -1.2377633      1.4058040    0.016760303      8.8403888     0.45547463
      2.4000000     -1.2376652      1.4054209    0.016601253      8.8417165     0.45524747
      2.4000000     -1.2376397      1.4047969    0.016383026      8.8380268     0.45519260
      2.4000000     -1.2377035      1.4051919    0.017130199      8.8379195     0.45534378
      2.4000000     -1.2377093      1.4047230    0.016901475      8.8377460     0.45529448
      2.4000000     -1.2376151      1.4045400    0.016735863      8.8411512     0.45507052
      2.4000000     -1.2375801      1.4042116    0.016270568      8.8392102     0.45502962
      2.4000000     -1.2375105      1.4043827    0.016487691      8.8421184     0.45486120
      2.4000000     -1.2374511      1.4040337    0.016443990      8.8424420     0.45470710
      2.4000000     -1.2374509      1.4040194    0.015884169      8.8420251     0.45468822
      2.4000000     -1.2373987      1.4041538    0.016351306      8.8426033     0.45460407
      2.4000000     -1.2372986      1.4040336    0.016574049      8.8485069     0.45434893
      2.4000000     -1.2372758      1.4039734    0.016120563      8.8483314     0.45431292
      2.4000000     -1.2372512      1.4038736    0.015904194      8.8487248     0.45425547
      2.4000000     -1.2372370      1.4037858    0.016404560      8.8492391     0.45422073
      2.4000000     -1.2372905      1.4037283    0.017138939      8.8465656     0.45436348
      2.4000000     -1.2373263      1.4041175    0.017644737      8.8508703     0.45440045
      2.4000000     -1.2373481      1.4041794    0.017877567      8.8495271     0.45445108
      2.4000000     -1.2373003      1.4044474    0.017571225      8.8517178     0.45435795
      2.4000000     -1.2372898      1.4043668    0.017313757      8.8515555     0.45433044
      2.4000000     -1.2372602      1.4041558    0.017675154      8.8520232     0.45427521
      2.4000000     -1.2372825      1.4039433    0.018347091      8.8489735     0.45436950
      2.4000000     -1.2372561      1.4037782    0.018664157      8.8500514     0.45432114
      2.4000000     -1.2372418      1.4035836    0.018492233      8.8503068     0.45428567
      2.4000000     -1.2372563      1.4036251    0.018118879      8.8491345     0.45428036
      2.4000000     -1.2373070      1.4035128    0.017367773      8.8480191     0.45440307
      2.4000000     -1.2373005      1.4032785    0.017558076      8.8469511     0.45436388
      2.4000000     -1.2373310      1.4033040    0.018070426      8.8475493     0.45440544
      2.4000000     -1.2373708      1.4033040    0.018465279      8.8474177     0.45446975
      2.4000000     -1.2374578      1.4040595    0.019221048      8.8482839     0.45464727
      2.4000000     -1.2374291      1.4038183    0.018798212      8.8478611     0.45459620
      2.4000000     -1.2373865      1.4036528    0.018982923      8.8467379     0.45453403
      2.4000000     -1.2373203      1.4036414    0.019284624      8.8513565     0.45433055
      2.4000000     -1.2373139      1.4039320    0.019726768      8.8553869     0.45428954
      2.4000000     -1.2373274      1.4041463    0.020344414      8.8558372     0.45434497
      2.4000000     -1.2373729      1.4041871    0.019721513      8.8549272     0.45445032
      2.4000000     -1.2373740      1.4043151    0.019177438      8.8538436     0.45450231
      2.4000000     -1.2374134      1.4041806    0.018627087      8.8537145     0.45455602
      2.4000000     -1.2374359      1.4045244    0.018261048      8.8541284     0.45462354
      2.4000000     -1.2374780      1.4047171    0.018694254      8.8546693     0.45469404
      2.4000000     -1.2375190      1.4048104    0.019055301      8.8525304     0.45480035
      2.4000000     -1.2374814      1.4043441    0.018990672      8.8493084     0.45476079
      2.4000000     -1.2374895      1.4041574    0.018700130      8.8499315     0.45474729
      2.4000000     -1.2375711      1.4042390    0.019460410      8.8472261     0.45493980
      2.4000000     -1.2376314      1.4042191    0.020169200      8.8451996     0.45508230
      2.4000000     -1.2376425      1.4041436    0.019951487      8.8429684     0.45513838
      2.4000000     -1.2376971      1.4041470    0.020200149      8.8404551     0.45529640
      2.4000000     -1.2376925      1.4041694    0.020299754      8.8422377     0.45523665
      2.4000000     -1.2376893      1.4042674    0.020484010      8.8390684     0.45527243
      2.4000000     -1.2376465      1.4041114    0.020583559      8.8378077     0.45522928
      2.4000000     -1.2377023      1.4044158    0.019876968      8.8379810     0.45532662
      2.4000000     -1.2376772      1.4046668    0.019436456      8.8421374     0.45523260
      2.4000000     -1.2376096      1.4045287    0.019710264      8.8437326     0.45504925
      2.4000000     -1.2376794      1.4049790    0.019760983      8.8425104     0.45520722
      2.4000000     -1.2377472      1.4054244    0.019728517      8.8439300     0.45531644
      2.4000000     -1.2376961      1.4052234    0.019421378      8.8463208     0.45515931
      2.4000000     -1.2376835      1.4048388    0.019420909      8.8459037     0.45511749
      2.4000000     -1.2376317      1.4046491    0.019435825      8.8498647     0.45491866
      2.4000000     -1.2376357      1.4042875    0.019931641      8.8483798     0.45492624
      2.4000000     -1.2376224      1.4041626    0.019597755      8.8485892     0.45489541
      2.4000000     -1.2376290      1.4040964    0.020051611      8.8482769     0.45490094
      2.4000000     -1.2376389      1.4039305    0.020593620      8.8470335     0.45490240
      2.4000000     -1.2376904      1.4040992    0.021230597      8.8495675     0.45499433
      2.4000000     -1.2377849      1.4043820    0.021989797      8.8489354     0.45520307
      2.4000000     -1.2377900      1.4044732    0.022454620      8.8489763     0.45521013
      2.4000000     -1.2378789      1.4050197    0.021857601      8.8485753     0.45538964
      2.4000000     -1.2378866      1.4049633    0.022083344      8.8486810     0.45537149
      2.4000000     -1.2378876      1.4049672    0.022605335      8.8485095     0.45538318
      2.4000000     -1.2379152      1.4051105    0.023111873      8.8489616     0.45540706
      2.4000000     -1.2379235      1.4052217    0.023179540      8.8516161     0.45540188
      2.4000000     -1.2379483      1.4054692    0.022967321      8.8538664     0.45542569
      2.4000000     -1.2379229      1.4055303    0.022810616      8.8553234     0.45535883
      2.4000000     -1.2379020      1.4057208    0.022939310      8.8562211     0.45529056
      2.4000000     -1.2378131      1.4054912    0.022918189      8.8547177     0.45514580
      2.4000000     -1.2378078      1.4052195    0.022742660      8.8541504     0.45512504
      2.4000000     -1.2378035      1.4050547    0.022187944      8.8546059     0.45509579
      2.4000000     -1.2377828      1.4050730    0.022596885      8.8535931     0.45507685
      2.4000000     -1.2378105      1.4050979    0.022223978      8.8542990     0.45510744
      2.4000000     -1.2378250      1.4050964    0.022471582      8.8536550     0.45515910
      2.4000000     -1.2378039      1.4045920    0.022590858      8.8493733     0.45514197
      2.4000000     -1.2377975      1.4045233    0.022956826      8.8467012     0.45516505
      2.4000000     -1.2378320      1.4049682    0.022896731      8.8489536     0.45524384
      2.4000000     -1.2378204      1.4046762    0.022298594      8.8461445     0.45525928
      2.4000000     -1.2378211      1.4045611    0.021647259      8.8425378     0.45531971
      2.4000000     -1.2378270      1.4047925    0.021032546      8.8409800     0.45534538
      2.4000000     -1.2378153      1.4051548    0.021120494      8.8420406     0.45532107
      2.4000000     -1.2378106      1.4048789    0.021597891      8.8425485     0.45529637
      2.4000000     -1.2378284      1.4049170    0.022163153      8.8419513     0.45535499
      2.4000000     -1.2378464      1.4045806    0.022699090      8.8397642     0.45539945
      2.4000000     -1.2378697      1.4045218    0.022629386      8.8405490     0.45543104
      2.4000000     -1.2379653      1.4048114    0.021831896      8.8393284     0.45564196
      2.4000000     -1.2379148      1.4046319    0.021646875      8.8404945     0.45552397
      2.4000000     -1.2379235      1.4048520    0.021905428      8.8410345     0.45555462
      2.4000000     -1.2379893      1.4049527    0.021150361      8.8402500     0.45572601
      2.4000000     -1.2379953      1.4048128    0.021137479      8.8403073     0.45575092
      2.4000000     -1.2379578      1.4046814    0.021101287      8.8435918     0.45563947
      2.4000000     -1.2378941      1.4048665    0.021259531      8.8477303     0.45551660
      2.4000000     -1.2378971      1.4048378    0.020908571      8.8473944     0.45552316
      2.4000000     -1.2379638      1.4050597    0.021106094      8.8479609     0.45565202
      2.4000000     -1.2379839      1.4051626    0.021303677      8.8481974     0.45569745
      2.4000000     -1.2379895      1.4053081    0.020945255      8.8493140     0.45569030
      2.4000000     -1.2380254      1.4054760    0.020493620      8.8490720     0.45575988
      2.4000000     -1.2379713      1.4051157    0.020144946      8.8485951     0.45561750
      2.4000000     -1.2379846      1.4047895    0.020603514      8.8451995     0.45566688
      2.4000000     -1.2380158      1.4055086    0.020226749      8.8464017     0.45572921
      2.4000000     -1.2379693      1.4054936    0.020094548      8.8494763     0.45559940
      2.4000000     -1.2379286      1.4059717    0.020446233      8.8520808     0.45551503
      2.4000000     -1.2379242      1.4059024    0.020753293      8.8521353     0.45550632
      2.4000000     -1.2379360      1.4057385    0.020119202      8.8489135     0.45556867
      2.4000000     -1.2379751      1.4061933    0.019752488      8.8511335     0.45560736
      2.4000000     -1.2379575      1.4062342    0.020206832      8.8525042     0.45556203
      2.4000000     -1.2379224      1.4063045    0.020122715      8.8540968     0.45546586
      2.4000000     -1.2379330      1.4065252    0.020429827      8.8548177     0.45547359
      2.4000000     -1.2380270      1.4073643    0.021087727      8.8579029     0.45562594
      2.4000000     -1.2380332      1.4072901    0.021048683      8.8579690     0.45563071
      2.4000000     -1.2380836      1.4073965    0.021250679      8.8575981     0.45575156
      2.4000000     -1.2381040      1.4072417    0.021800048      8.8570917     0.45579916
      2.4000000     -1.2380770      1.4072364    0.021607197      8.8587610     0.45575039
      2.4000000     -1.2380904      1.4071892    0.022105552      8.8559681     0.45574805
      2.4000000     -1.2380225      1.4069997    0.022220444      8.8566206     0.45560912
      2.4000000     -1.2379455      1.4067289    0.021974337      8.8575959     0.45541250
      2.4000000     -1.2379073      1.4065445    0.022353593      8.8562513     0.45535239
      2.4000000     -1.2379655      1.4067272    0.021977721      8.8560780     0.45546983
      2.4000000     -1.2379057      1.4066986    0.021612152      8.8572262     0.45536074
      2.4000000     -1.2378688      1.4066935    0.021218192      8.8572216     0.45531065
      2.4000000     -1.2378667      1.4067882    0.021297788      8.8570776     0.45528451
      2.4000000     -1.2379119      1.4071375    0.021892250      8.8569224     0.45536900
      2.4000000     -1.2379990      1.4077470    0.021696021      8.8582873     0.45550478
      2.4000000     -1.2380217      1.4077845    0.021619549      8.8564802     0.45557556
      2.4000000     -1.2379975      1.4076249    0.021514836      8.8566215     0.45553056
      2.4000000     -1.2379836      1.4076859    0.021809819      8.8563662     0.45551580
      2.4000000     -1.2379951      1.4078604    0.022348224      8.8560212     0.45555475
      2.4000000     -1.2380433      1.4080721    0.021729807      8.8564089     0.45567496
      2.4000000     -1.2380202      1.4081991    0.021365554      8.8605589     0.45556699
      2.4000000     -1.2380699      1.4085760    0.020741973      8.8627197     0.45564189
      2.4000000     -1.2380293      1.4085862    0.020777709      8.8635592     0.45555026
      2.4000000     -1.2380319      1.4086154    0.020187944      8.8606529     0.45558825
      2.4000000     -1.2380318      1.4085474    0.019657517      8.8609912     0.45558273
      2.4000000     -1.2380360      1.4087865    0.019760029      8.8635445     0.45557887
      2.4000000     -1.2379575      1.4091252    0.019693397      8.8656313     0.45544458
      2.4000000     -1.2379638      1.4095160    0.019395370      8.8679296     0.45541658
      2.4000000     -1.2379840      1.4094159    0.018912667      8.8674541     0.45547375
      2.4000000     -1.2379577      1.4093851    0.019068749      8.8670283     0.45542875
      2.4000000     -1.2379174      1.4091332    0.018964528      8.8652455     0.45536824
      2.4000000     -1.2378745      1.4093870    0.018685552      8.8698936     0.45522686
      2.4000000     -1.2378424      1.4095850    0.018500379      8.8722840     0.45517332
      2.4000000     -1.2378217      1.4095416    0.018363370      8.8724003     0.45515204
      2.4000000     -1.2378686      1.4093876    0.018972001      8.8702467     0.45525996
      2.4000000     -1.2378390      1.4094989    0.018768562      8.8708434     0.45520556
      2.4000000     -1.2377892      1.4093935    0.018565206      8.8725522     0.45508654
      2.4000000     -1.2378501      1.4097915    0.017934183      8.8726089     0.45522544
      2.4000000     -1.2378541      1.4099372    0.017788042      8.8707264     0.45526408
      2.4000000     -1.2378941      1.4098879    0.018122657      8.8686608     0.45534477
      2.4000000     -1.2379088      1.4097068    0.017562967      8.8655926     0.45539617
      2.4000000     -1.2379180      1.4097375    0.017186957      8.8654837     0.45541473
      2.4000000     -1.2379179      1.4096429    0.016686085      8.8659003     0.45539449
      2.4000000     -1.2378981      1.4096540    0.016358314      8.8660159     0.45536276
      2.4000000     -1.2378660      1.4094543    0.016386145      8.8639577     0.45531483
      2.4000000     -1.2378553      1.4095390    0.016155498      8.8647604     0.45530790
      2.4000000     -1.2378210      1.4095912    0.015938846      8.8681484     0.45519765
      2.4000000     -1.2378692      1.4095474    0.016580994      8.8652836     0.45534350
      2.4000000     -1.2378566      1.4092026    0.016581084      8.8619690     0.45533506
      2.4000000     -1.2378813      1.4090528    0.015987503      8.8595040     0.45542402
      2.4000000     -1.2378362      1.4090976    0.015775270      8.8610058     0.45532870
      2.4000000     -1.2378283      1.4088005    0.015558200      8.8604932     0.45533028
      2.4000000     -1.2379007      1.4090368    0.014858433      8.8595056     0.45550096
      2.4000000     -1.2378590      1.4089286    0.014766437      8.8617567     0.45538868
      2.4000000     -1.2378535      1.4087282    0.014540650      8.8598024     0.45539546
      2.4000000     -1.2378392      1.4086599    0.014946551      8.8591874     0.45537420
      2.4000000     -1.2378506      1.4087345    0.015472243      8.8589894     0.45541598
      2.4000000     -1.2378446      1.4089332    0.015296162      8.8599198     0.45541538
      2.4000000     -1.2378547      1.4088015    0.014848092      8.8578902     0.45543811
      2.4000000     -1.2377499      1.4089102    0.014864242      8.8598057     0.45524331
      2.4000000     -1.2377466      1.4086980    0.014940072      8.8566167     0.45527189
      2.4000000     -1.2378005      1.4088360    0.015248710      8.8562034     0.45539521
      2.4000000     -1.2377984      1.4087590    0.015518133      8.8551524     0.45540263
      2.4000000     -1.2378251      1.4089486    0.016115277      8.8528487     0.45551156
      2.4000000     -1.2378268      1.4088561    0.015628858      8.8510754     0.45553400
      2.4000000     -1.2378039      1.4087030    0.015710094      8.8527668     0.45546754
      2.4000000     -1.2377453      1.4088033    0.015619519      8.8537413     0.45534963
      2.4000000     -1.2377505      1.4088847    0.015678481      8.8539056     0.45535331
      2.4000000     -1.2378030      1.4090976    0.015073168      8.8528139     0.45545810
      2.4000000     -1.2378033      1.4089281    0.015122933      8.8518699     0.45549230
      2.4000000     -1.2377820      1.4089805    0.015299356      8.8514861     0.45545791
      2.4000000     -1.2378040      1.4093322    0.014923262      8.8540677     0.45547485
      2.4000000     -1.2377779      1.4090371    0.015050813      8.8522942     0.45543633
      2.4000000     -1.2377608      1.4090877    0.014669813      8.8510958     0.45544091
      2.4000000     -1.2377757      1.4091093    0.015146206      8.8503331     0.45548692
      2.4000000     -1.2377870      1.4094043    0.015445975      8.8513307     0.45549906
      2.4000000     -1.2377699      1.4092644    0.015279923      8.8525277     0.45547815
      2.4000000     -1.2377989      1.4091852    0.015232137      8.8517950     0.45553962
      2.4000000     -1.2378191      1.4091208    0.015478690      8.8519372     0.45557665
      2.4000000     -1.2377616      1.4090463    0.015504978      8.8512863     0.45549152
      2.4000000     -1.2377825      1.4089913    0.015465991      8.8491453     0.45557981
      2.4000000     -1.2377634      1.4091322    0.015250598      8.8504769     0.45553992
      2.4000000     -1.2377231      1.4088931    0.014996380      8.8491012     0.45546672
      2.4000000     -1.2377235      1.4088551    0.014737400      8.8493092     0.45543573
      2.4000000     -1.2377360      1.4085458    0.015211524      8.8467127     0.45547609
      2.4000000     -1.2377536      1.4087019    0.015675374      8.8460213     0.45552008
      2.4000000     -1.2378294      1.4091177    0.015003350      8.8451355     0.45568215
      2.4000000     -1.2377850      1.4088938    0.014739092      8.8441851     0.45561382
      2.4000000     -1.2377375      1.4086491    0.014796517      8.8444773     0.45549931
      2.4000000     -1.2377202      1.4085213    0.014758603      8.8439529     0.45545886
      2.4000000     -1.2377508      1.4085098    0.014658324      8.8450176     0.45550661
      2.4000000     -1.2377595      1.4082622    0.014603455      8.8436052     0.45551046
      2.4000000     -1.2378420      1.4085033    0.013919258      8.8431831     0.45568916
      2.4000000     -1.2378568      1.4084146    0.013379264      8.8423952     0.45573412
      2.4000000     -1.2378285      1.4083473    0.013168348      8.8432456     0.45565070
      2.4000000     -1.2378060      1.4084284    0.012691168      8.8417295     0.45564304
      2.4000000     -1.2377787      1.4082430    0.012245187      8.8396252     0.45560637
      2.4000000     -1.2377619      1.4081065    0.011820219      8.8405919     0.45554702
      2.4000000     -1.2377476      1.4078330    0.011398029      8.8417728     0.45549185
      2.4000000     -1.2377879      1.4078094    0.011472994      8.8393993     0.45560451
      2.4000000     -1.2377862      1.4080680    0.011118907      8.8412965     0.45560386
      2.4000000     -1.2377683      1.4077460    0.010895548      8.8415808     0.45552782
      2.4000000     -1.2377976      1.4078914    0.011421191      8.8409882     0.45558265
      2.4000000     -1.2378053      1.4081469    0.011309968      8.8421329     0.45558678
      2.4000000     -1.2377713      1.4077530    0.011572675      8.8412102     0.45549884
      2.4000000     -1.2378124      1.4082148    0.012094915      8.8429114     0.45557777
      2.4000000     -1.2378071      1.4081982    0.012423024      8.8437766     0.45555288
      2.4000000     -1.2378471      1.4082173    0.012702053      8.8430880     0.45565314
      2.4000000     -1.2378676      1.4079587    0.012838663      8.8405504     0.45572896
      2.4000000     -1.2378348      1.4079124    0.012902038      8.8404825     0.45566713
      2.4000000     -1.2378926      1.4081879    0.012920849      8.8396375     0.45578793
      2.4000000     -1.2379257      1.4086124    0.013326138      8.8408605     0.45584737
      2.4000000     -1.2379648      1.4086770    0.012740105      8.8393556     0.45594818
      2.4000000     -1.2379586      1.4088743    0.012389658      8.8419591     0.45589649
      2.4000000     -1.2379402      1.4087693    0.012329160      8.8404661     0.45588704
      2.4000000     -1.2379397      1.4087545    0.012142865      8.8409939     0.45588768
      2.4000000     -1.2379196      1.4090436    0.012474942      8.8439007     0.45585151
      2.4000000     -1.2379074      1.4088376    0.012244702      8.8455605     0.45581198
      2.4000000     -1.2379329      1.4089758    0.011827207      8.8466615     0.45584652
      2.4000000     -1.2378834      1.4089841    0.011724133      8.8473583     0.45572829
      2.4000000     -1.2378681      1.4090008    0.011321733      8.8480104     0.45569550
      2.4000000     -1.2378761      1.4087887    0.010863749      8.8465902     0.45571851
      2.4000000     -1.2378616      1.4088255    0.011168568      8.8472037     0.45568795
      2.4000000     -1.2378386      1.4088715    0.011328835      8.8462624     0.45566277
      2.4000000     -1.2378499      1.4090184    0.011136590      8.8477977     0.45567537
      2.4000000     -1.2378753      1.4089900    0.011366604      8.8468445     0.45572117
      2.4000000     -1.2379011      1.4091822    0.011364575      8.8488077     0.45574322
      2.4000000     -1.2379919      1.4096602    0.010720342      8.8493941     0.45590340
      2.4000000     -1.2379518      1.4095727    0.010818701      8.8497736     0.45582450
      2.4000000     -1.2379517      1.4095223    0.011264323      8.8503587     0.45581843
      2.4000000     -1.2378959      1.4094093    0.011418931      8.8513269     0.45569129
      2.4000000     -1.2378718      1.4091664    0.011068158      8.8511206     0.45562934
      2.4000000     -1.2378876      1.4090037    0.011457577      8.8504155     0.45567200
      2.4000000     -1.2378577      1.4089749    0.011044902      8.8505891     0.45561318
      2.4000000     -1.2378281      1.4089499    0.010991008      8.8495073     0.45558090
      2.4000000     -1.2378142      1.4087865    0.010878972      8.8487567     0.45557852
      2.4000000     -1.2378398      1.4089141    0.010417023      8.8478771     0.45564486
      2.4000000     -1.2378384      1.4086851    0.010725867      8.8484672     0.45561663
      2.4000000     -1.2378883      1.4087717    0.011287039      8.8472262     0.45572207
      2.4000000     -1.2378811      1.4086814    0.011166054      8.8449876     0.45575307
      2.4000000     -1.2378624      1.4087174    0.011243916      8.8432214     0.45576631
      2.4000000     -1.2378438      1.4083519    0.011603524      8.8427107     0.45570656
      2.4000000     -1.2378030      1.4082945    0.011572827      8.8462838     0.45558545
      2.4000000     -1.2377524      1.4082035    0.011532982      8.8474368     0.45547649
      2.4000000     -1.2377841      1.4084491    0.011670494      8.8473413     0.45552823
      2.4000000     -1.2377404      1.4081200    0.011793973      8.8470102     0.45542695
      2.4000000     -1.2377487      1.4080368    0.012081601      8.8493447     0.45538635
      2.4000000     -1.2378013      1.4081737    0.012354858      8.8487346     0.45549486
      2.4000000     -1.2378800      1.4084882    0.011739158      8.8479570     0.45563606
      2.4000000     -1.2378186      1.4084023    0.011973587      8.8504774     0.45550124
      2.4000000     -1.2377657      1.4081842    0.012011442      8.8513852     0.45536091
      2.4000000     -1.2377324      1.4080077    0.011965834      8.8527511     0.45528586
      2.4000000     -1.2377817      1.4083467    0.012519136      8.8532925     0.45539686
      2.4000000     -1.2377557      1.4083136    0.012625732      8.8525885     0.45537731
      2.4000000     -1.2377554      1.4082736    0.012561331      8.8518798     0.45537378
      2.4000000     -1.2377699      1.4081580    0.012752331      8.8501141     0.45543563
      2.4000000     -1.2377161      1.4080633    0.012681886      8.8504927     0.45534517
      2.4000000     -1.2377228      1.4080796    0.012346814      8.8502921     0.45535370
      2.4000000     -1.2377244      1.4081985    0.012456220      8.8504459     0.45534789
      2.4000000     -1.2376791      1.4080494    0.012693124      8.8531285     0.45523036
      2.4000000     -1.2376531      1.4081337    0.012670351      8.8526702     0.45518595
      2.4000000     -1.2376817      1.4082812    0.012290375      8.8531199     0.45526030
      2.4000000     -1.2376822      1.4080894    0.012323915      8.8517373     0.45526320
