      1.0000000     -1.9951340      39.868006     0.99826980      9.9769013     0.99826980
      1.0000000     -1.9960940      19.955083     0.99875940      4.9916371     0.99875940
      1.0000000     -1.9964703      13.313776     0.99893707      3.3289007     0.99893707
      1.0000000     -1.9966669      9.9924720     0.99902765      2.4973227     0.99902765
      1.0000000     -1.9967998      7.9987053     0.99908664      1.9982606     0.99908664
      1.0000000     -1.9968443      6.6698252     0.99911423      1.6655332     0.99911423
      1.0000000     -1.9968927      5.7203447     0.99913803      1.4278494     0.99913803
      1.0000000     -1.9969115      5.0084437     0.99915128      1.2495902     0.99915128
      1.0000000     -1.9969350      4.4546941     0.99916400      1.1109383     0.99916400
      1.0000000     -1.9969540      4.0116226     0.99917444      1.0000112     0.99917444
      1.0000000     -1.9969737      3.6490127     0.99918380     0.90924694     0.99918380
      1.0000000     -1.9969916      3.3468846     0.99919220     0.83361226     0.99919220
      1.0000000     -1.9969991      3.0911840     0.99919746     0.76960649     0.99919746
      1.0000000     -1.9970145      2.8721241     0.99920423     0.71475428     0.99920423
      1.0000000     -1.9970244      2.6821839     0.99920876     0.66721083     0.99920876
      1.0000000     -1.9970390      2.5159148     0.99921454     0.62560436     0.99921454
      1.0000000     -1.9970422      2.3693571     0.99921718     0.58890176     0.99921718
      1.0000000     -1.9970433      2.2390427     0.99921898     0.55627551     0.99921898
      1.0000000     -1.9970449      2.1224175     0.99922100     0.52707852     0.99922100
      1.0000000     -1.9970514      2.0175411     0.99922383     0.50080978     0.99922383
      1.0000000     -1.9970555      1.9225600     0.99922608     0.47703636     0.99922608
      1.0000000     -1.9970664      1.8362580     0.99922993     0.45542693     0.99922993
      1.0000000     -1.9970701      1.7574777     0.99923177     0.43569745     0.99923177
      1.0000000     -1.9970714      1.6852839     0.99923307     0.41761193     0.99923307
      1.0000000     -1.9970725      1.6188698     0.99923416     0.40097463     0.99923416
      1.0000000     -1.9970732      1.5574642     0.99923514     0.38561002     0.99923514
