      2.1000000     -1.4545115      110.48987     0.76041652      63.740368     0.76041652
      2.1200000     -1.4376138      105.99480     0.75064172      61.723427     0.75064172
      2.1400000     -1.4185823      101.39897     0.58374980      212.19238     0.73795845
      2.1600000     -1.3989485      96.900053     0.72487809      57.349284     0.72487809
      2.1800000     -1.3768846      92.303952     0.55925518      193.10224     0.70753753
      2.2000000     -1.3525313      87.656457     0.28618641      334.40441     0.68402099
      2.2200000     -1.3274616      83.083577     0.19762832      337.62823     0.66045400
      2.2400000     -1.2984034      78.300704     0.26139476      281.68276     0.62707614
      2.2600000     -1.2658357      73.386698    0.040068421      286.01503     0.57921711
      2.2800000     -1.2312108      68.431894    0.054919751      237.12922     0.51908772
