      1.0000000     -1.7872900      5.9141424    -0.20663500      48.585966     0.31356500
      1.0000000     -1.8924400      7.3894986    -0.60301500      71.329884     0.65648000
      1.0000000     -1.9273367      5.9080293    -0.73510167      57.998935     0.77074500
      1.0000000     -1.9448500      4.8044110    -0.80116000      47.418558     0.82789250
      1.0000000     -1.9553280      4.0241490    -0.84078700      39.815429     0.86217300
      1.0000000     -1.9622867      3.4544285    -0.86719417      34.223422     0.88501583
      1.0000000     -1.9672643      3.0237092    -0.88606000      29.973815     0.90133571
      1.0000000     -1.9710137      2.6881939    -0.90021563      26.647202     0.91358187
      1.0000000     -1.9739333      2.4194916    -0.91122667      23.976954     0.92310778
      1.0000000     -1.9762180      2.1989746    -0.92002250      21.787790     0.93071550
